0 1.57766933739185 1.16564930533059 1.86076589417644 1.580849804217 1.52245396724902 1.18102278397419 1.3505783425644 1.09745408408344 1.02386255073361 1.22099850792438 1.53012232296169 1.37858713115565 1.83884896081872 1.65668576490134 1.18472619191743 1.59787928266451 1.94220968079753 1.52487005549483 1.40116286207922 1.61557156825438 1.84918799810112 1.11216974072158 1.48021306004375 1.54457279574126 1.27991936798207 0.957419022917747 1.54106446006335 1.09484519157559 1.25265322695486
1.57766933739185 0 1.46552061196417 1.11927095334977 1.58527777320705 1.27468441706151 1.05846094060689 1.90816871775314 1.45998880616389 1.12547965464182 1.23510699975304 1.4475807575509 1.0552556309849 1.57502476102673 1.59851939813234 1.52735488861799 1.1962315782439 1.54720594757237 1.61639608861879 1.53853653301485 1.17472755350173 1.29910173453391 1.0677401300054 1.09790400555357 1.85457729571499 1.32748127542436 1.01592685445212 1.60068256454542 1.77079008566216 1.16832022508606
1.16564930533059 1.46552061196417 0 1.48883181717247 1.21147092804313 1.58355080359615 1.13987170392647 1.74772920599207 1.67456739488989 1.23540801345371 1.45183211495169 1.35298963729292 1.08096020086668 1.24964068364352 1.33821681817062 1.02750287717208 1.88327067904174 1.83180100237951 1.08832604927011 1.42158372746781 1.83038852410391 1.51430014404468 1.42793834256008 1.9144939573016 1.07843519677408 1.09820004575886 1.58694282011129 1.75974605279043 1.39238607999869 1.21479311143048
1.86076589417644 1.11927095334977 1.48883181717247 0 1.57145782792941 1.11795344389975 1.63057522871532 1.54334751050919 1.7303052842617 1.91741451038979 1.77588455867954 1.4873776321765 1.20496912207454 1.42929988680407 1.60455084173009 1.23232667567208 1.40547460643575 1.08681596326642 1.1360300197266 1.90658670640551 1.22760230163112 1.44746835553087 1.9071520913858 1.9074257153552 1.31949303695001 1.44208758953027 1.91242775856517 1.51317566516809 1.37075131805614 1.83232076256536
1.580849804217 1.58527777320705 1.21147092804313 1.57145782792941 0 1.21374494838528 1.38328121579252 1.53913799673319 1.11193882580847 1.23105578147806 1.02094170404598 1.32609043130651 1.86423598602414 1.72521685343236 1.21042155940086 1.56475223368034 1.52880180813372 1.6853923345916 0.979853279655799 1.84362815110944 1.05761149525642 1.51863188506104 1.74958858941682 1.39892074745148 1.73343754420057 1.56303021544591 1.88374793063849 1.32093291752972 1.84815893787891 1.6921182195656
1.52245396724902 1.27468441706151 1.58355080359615 1.11795344389975 1.21374494838528 0 1.87770686112344 1.17450095782988 1.81925433175638 1.59117797249928 1.25990248611197 0.964360467158258 1.22099846624769 1.3726107981056 0.994720573537052 1.07958598900586 1.9429478677921 1.92918770504184 1.25132910371758 1.75745915574953 1.13843555701897 1.8792135824915 1.60235710814595 1.03894154913723 1.6442944065202 1.80795841105282 1.4200122570619 1.11902380292304 1.90776295773685 1.20801006793045
1.18102278397419 1.05846094060689 1.13987170392647 1.63057522871532 1.38328121579252 1.87770686112344 0 1.04799984628335 1.90896010724828 1.34629438072443 1.88430418423377 1.32991944998503 1.20967724733055 1.50059589720331 1.69452239852399 1.7104580514133 1.66938472841866 1.72705151280388 1.16001742170192 1.02767370315269 1.11256072879769 1.84483999875374 1.61875578551553 1.25256223673932 1.36868226178922 1.15581861464307 1.58777718688361 1.43874562950805 1.21382289472967 1.19330030237325
1.3505783425644 1.90816871775314 1.74772920599207 1.54334751050919 1.53913799673319 1.17450095782988 1.04799984628335 0 1.83013868657872 1.20365723618306 1.94068036181852 1.71277051512152 1.3139021107927 1.85786335542798 1.57042233203538 0.995268136030063 1.27904816064984 1.01336986594833 1.47713946108706 1.0492951287888 1.58944101212546 1.01081817946397 1.42670562886633 1.67198586440645 1.65556739247404 1.41231009503826 1.89485060493462 1.37419689144008 1.00612431112677 1.83509973902255
1.09745408408344 1.45998880616389 1.67456739488989 1.7303052842617 1.11193882580847 1.81925433175638 1.90896010724828 1.83013868657872 0 1.65771988150664 1.83164551667869 1.50637348764576 1.61023501143791 1.80522587220185 1.23157347319648 1.05834371130913 1.03064296022058 1.50670297606848 1.78503622696735 1.10130034387112 1.18190862936899 1.83390675112605 1.30105684883893 0.979930438799784 1.49037509760819 1.92587020806968 0.952384795527905 1.59190476778895 1.20018392032944 1.38565837428905
1.02386255073361 1.12547965464182 1.23540801345371 1.91741451038979 1.23105578147806 1.59117797249928 1.34629438072443 1.20365723618306 1.65771988150664 0 1.89615476829931 1.28881373908371 1.12662754487246 1.85580842755735 1.35669419099577 1.18332354375161 1.02541867899708 0.992977257352322 1.35912653873675 0.971729687182233 1.91430162522011 1.68246671697125 1.0843511314597 1.64752861764282 1.66183202317916 1.26492379442789 1.868275283603 1.07214436260983 1.67237816611305 1.94257695181295
1.22099850792438 1.23510699975304 1.45183211495169 1.77588455867954 1.02094170404598 1.25990248611197 1.88430418423377 1.94068036181852 1.83164551667869 1.89615476829931 0 1.67090843035839 1.24108133185655 1.5739503686782 1.46622491790913 1.47296722186729 1.60502660786733 1.75510831689462 1.6835731274914 1.02627618308179 1.73784920340404 1.68086631596088 1.34714444517158 1.71121975174174 1.15497294650413 1.68469168292359 1.07520573399961 1.57815083255991 1.24960053898394 1.64940352062695
1.53012232296169 1.4475807575509 1.35298963729292 1.4873776321765 1.32609043130651 0.964360467158258 1.32991944998503 1.71277051512152 1.50637348764576 1.28881373908371 1.67090843035839 0 1.06303420988843 1.40469244029373 0.993843138217926 1.53583039878868 1.86683200253174 1.73827231023461 1.79930029483512 1.02676933119074 1.58424211270176 1.07152710598893 1.06604467029683 1.86165354144759 1.35965983197093 1.09290777775459 1.73959987889975 1.48033557017334 1.31840252596885 1.77452465868555
1.37858713115565 1.0552556309849 1.08096020086668 1.20496912207454 1.86423598602414 1.22099846624769 1.20967724733055 1.3139021107927 1.61023501143791 1.12662754487246 1.24108133185655 1.06303420988843 0 1.66857838444412 1.73523229570128 1.53101303754374 1.00119700049981 1.1490176669322 1.62553120427765 1.61326663591899 1.50669346866198 1.58541039167903 1.08876864775084 1.25459749670699 1.52768613165244 0.978457008488476 1.30302014597692 1.77403600886464 1.770524014486 1.88863487658091
1.83884896081872 1.57502476102673 1.24964068364352 1.42929988680407 1.72521685343236 1.3726107981056 1.50059589720331 1.85786335542798 1.80522587220185 1.85580842755735 1.5739503686782 1.40469244029373 1.66857838444412 0 1.79266921733506 1.0613905233331 1.86976854479872 1.6701439677272 1.56625836715102 1.2265932133887 1.93408308830112 1.4755196517799 0.969597142422572 1.55163038382307 1.86490349168889 1.50942302891053 1.02364767692052 1.70125249330886 1.27115457830951 1.34224581811577
1.65668576490134 1.59851939813234 1.33821681817062 1.60455084173009 1.21042155940086 0.994720573537052 1.69452239852399 1.57042233203538 1.23157347319648 1.35669419099577 1.46622491790913 0.993843138217926 1.73523229570128 1.79266921733506 0 1.32385818613693 1.63314971327782 1.41418293584138 1.73456807644106 1.83464984130114 1.46325550461188 1.60458732955158 1.56898434623145 1.90069769299589 1.82572114258073 1.68336264253594 1.36547469673678 1.94230424030684 1.67558334302157 1.63507295981981
1.18472619191743 1.52735488861799 1.02750287717208 1.23232667567208 1.56475223368034 1.07958598900586 1.7104580514133 0.995268136030063 1.05834371130913 1.18332354375161 1.47296722186729 1.53583039878868 1.53101303754374 1.0613905233331 1.32385818613693 0 1.35026271734387 1.06720435060561 1.75781267508864 1.21364514878951 1.27217981684953 1.13601665804163 1.39347634185106 1.79885337362066 1.06815427471884 1.43766627460718 1.06366297462955 1.12412372441031 1.15025393455289 1.71773689356633
1.59787928266451 1.1962315782439 1.88327067904174 1.40547460643575 1.52880180813372 1.9429478677921 1.66938472841866 1.27904816064984 1.03064296022058 1.02541867899708 1.60502660786733 1.86683200253174 1.00119700049981 1.86976854479872 1.63314971327782 1.35026271734387 0 1.35220346553251 1.9498546582181 1.57818520977162 1.24417828093283 1.93055960931815 1.83103379351087 1.27266579167917 1.61002806434408 1.75830107019283 1.61722174822353 1.28580907778814 1.04672520630993 1.54720269655809
1.94220968079753 1.54720594757237 1.83180100237951 1.08681596326642 1.6853923345916 1.92918770504184 1.72705151280388 1.01336986594833 1.50670297606848 0.992977257352322 1.75510831689462 1.73827231023461 1.1490176669322 1.6701439677272 1.41418293584138 1.06720435060561 1.35220346553251 0 1.12720354832709 1.3608973287046 1.92168279271573 1.87983984989114 1.35416316939518 1.92948923027143 0.960775644052774 1.2069012245629 1.86196728143841 1.81581408856437 1.6126002157107 0.98933324101381
1.52487005549483 1.61639608861879 1.08832604927011 1.1360300197266 0.979853279655799 1.25132910371758 1.16001742170192 1.47713946108706 1.78503622696735 1.35912653873675 1.6835731274914 1.79930029483512 1.62553120427765 1.56625836715102 1.73456807644106 1.75781267508864 1.9498546582181 1.12720354832709 0 1.57594256661832 1.17698125098832 1.29308229614981 1.84709931397811 1.64593396871351 1.18913348508067 1.66772486502305 1.65071427938528 1.36587692867033 1.34769994392991 1.80265462957323
1.40116286207922 1.53853653301485 1.42158372746781 1.90658670640551 1.84362815110944 1.75745915574953 1.02767370315269 1.0492951287888 1.10130034387112 0.971729687182233 1.02627618308179 1.02676933119074 1.61326663591899 1.2265932133887 1.83464984130114 1.21364514878951 1.57818520977162 1.3608973287046 1.57594256661832 0 1.20307841175236 1.32783447741531 1.35721169179305 1.32444589049555 1.59729398856871 1.65609831223264 1.7651929683052 1.74755317438394 1.73676778236404 1.60575867304578
1.61557156825438 1.17472755350173 1.83038852410391 1.22760230163112 1.05761149525642 1.13843555701897 1.11256072879769 1.58944101212546 1.18190862936899 1.91430162522011 1.73784920340404 1.58424211270176 1.50669346866198 1.93408308830112 1.46325550461188 1.27217981684953 1.24417828093283 1.92168279271573 1.17698125098832 1.20307841175236 0 1.77889426867478 1.42200417863205 1.39921899465844 1.51856210222468 1.44056406407617 1.48293746449053 1.55412066029385 0.993745549349114 1.11307236948051
1.84918799810112 1.29910173453391 1.51430014404468 1.44746835553087 1.51863188506104 1.8792135824915 1.84483999875374 1.01081817946397 1.83390675112605 1.68246671697125 1.68086631596088 1.07152710598893 1.58541039167903 1.4755196517799 1.60458732955158 1.13601665804163 1.93055960931815 1.87983984989114 1.29308229614981 1.32783447741531 1.77889426867478 0 1.67063134605996 1.11785672209226 1.79705362441018 1.70737460255623 0.999981090426445 0.954379670787603 1.76005638553761 1.90481899003498
1.11216974072158 1.0677401300054 1.42793834256008 1.9071520913858 1.74958858941682 1.60235710814595 1.61875578551553 1.42670562886633 1.30105684883893 1.0843511314597 1.34714444517158 1.06604467029683 1.08876864775084 0.969597142422572 1.56898434623145 1.39347634185106 1.83103379351087 1.35416316939518 1.84709931397811 1.35721169179305 1.42200417863205 1.67063134605996 0 1.58724972978234 1.08820300339721 1.52211079606786 1.37969648675062 1.30488888453692 1.56657889252529 1.6237652967684
1.48021306004375 1.09790400555357 1.9144939573016 1.9074257153552 1.39892074745148 1.03894154913723 1.25256223673932 1.67198586440645 0.979930438799784 1.64752861764282 1.71121975174174 1.86165354144759 1.25459749670699 1.55163038382307 1.90069769299589 1.79885337362066 1.27266579167917 1.92948923027143 1.64593396871351 1.32444589049555 1.39921899465844 1.11785672209226 1.58724972978234 0 1.09251678851433 1.49301007646136 1.93231523432769 1.5656705708243 1.17321007535793 1.8718554219231
1.54457279574126 1.85457729571499 1.07843519677408 1.31949303695001 1.73343754420057 1.6442944065202 1.36868226178922 1.65556739247404 1.49037509760819 1.66183202317916 1.15497294650413 1.35965983197093 1.52768613165244 1.86490349168889 1.82572114258073 1.06815427471884 1.61002806434408 0.960775644052774 1.18913348508067 1.59729398856871 1.51856210222468 1.79705362441018 1.08820300339721 1.09251678851433 0 1.75111131300218 1.45432024798356 0.95569806988351 1.80173711758107 1.89982587262057
1.27991936798207 1.32748127542436 1.09820004575886 1.44208758953027 1.56303021544591 1.80795841105282 1.15581861464307 1.41231009503826 1.92587020806968 1.26492379442789 1.68469168292359 1.09290777775459 0.978457008488476 1.50942302891053 1.68336264253594 1.43766627460718 1.75830107019283 1.2069012245629 1.66772486502305 1.65609831223264 1.44056406407617 1.70737460255623 1.52211079606786 1.49301007646136 1.75111131300218 0 1.56587488506921 1.05707021313719 1.86282646702603 1.22326962393709
0.957419022917747 1.01592685445212 1.58694282011129 1.91242775856517 1.88374793063849 1.4200122570619 1.58777718688361 1.89485060493462 0.952384795527905 1.868275283603 1.07520573399961 1.73959987889975 1.30302014597692 1.02364767692052 1.36547469673678 1.06366297462955 1.61722174822353 1.86196728143841 1.65071427938528 1.7651929683052 1.48293746449053 0.999981090426445 1.37969648675062 1.93231523432769 1.45432024798356 1.56587488506921 0 1.6921915744897 1.76886305888183 1.1542470077984
1.54106446006335 1.60068256454542 1.75974605279043 1.51317566516809 1.32093291752972 1.11902380292304 1.43874562950805 1.37419689144008 1.59190476778895 1.07214436260983 1.57815083255991 1.48033557017334 1.77403600886464 1.70125249330886 1.94230424030684 1.12412372441031 1.28580907778814 1.81581408856437 1.36587692867033 1.74755317438394 1.55412066029385 0.954379670787603 1.30488888453692 1.5656705708243 0.95569806988351 1.05707021313719 1.6921915744897 0 1.09916470129974 1.31160271493718
1.09484519157559 1.77079008566216 1.39238607999869 1.37075131805614 1.84815893787891 1.90776295773685 1.21382289472967 1.00612431112677 1.20018392032944 1.67237816611305 1.24960053898394 1.31840252596885 1.770524014486 1.27115457830951 1.67558334302157 1.15025393455289 1.04672520630993 1.6126002157107 1.34769994392991 1.73676778236404 0.993745549349114 1.76005638553761 1.56657889252529 1.17321007535793 1.80173711758107 1.86282646702603 1.76886305888183 1.09916470129974 0 1.00892552617006
1.25265322695486 1.16832022508606 1.21479311143048 1.83232076256536 1.6921182195656 1.20801006793045 1.19330030237325 1.83509973902255 1.38565837428905 1.94257695181295 1.64940352062695 1.77452465868555 1.88863487658091 1.34224581811577 1.63507295981981 1.71773689356633 1.54720269655809 0.98933324101381 1.80265462957323 1.60575867304578 1.11307236948051 1.90481899003498 1.6237652967684 1.8718554219231 1.89982587262057 1.22326962393709 1.1542470077984 1.31160271493718 1.00892552617006 0
