0 1.76757082319818 1.46674580988474 1.78923507523723 1.48572705150582 1.58124115690589 1.2536114603281 1.05936909769662 1.77533855289221 1.40016734763049 1.04806600068696 1.5705645349808 1.81415920029394 1.73807440488599 1.60130288545042 1.26421540509909 1.31798166921362 1.40869658533484 1.28480073786341 0.99457402783446 1.37375604989938 1.61444948287681 0.97098425985314 1.22243224130943 1.21343069546856 1.85419047181495 1.77296812506393 1.34133486705832 1.39735701447353 1.34977057832293
1.76757082319818 0 1.44719979469664 0.920718549052253 1.11000784579664 1.33725015912205 1.61346323206089 1.31722469581291 1.53882618201897 1.60627966630273 1.34543356206268 1.58104767557234 1.04588028369471 1.20651679928415 1.88322779047303 1.04541622358374 1.74666874622926 0.996311975875869 1.64859741460532 1.60330862062983 1.20805111457594 1.23646238609217 1.39588038809597 0.929109852295369 1.08026722096838 1.27919772895984 1.87944316351786 0.974616254912689 0.98056927183643 1.0644829350058
1.46674580988474 1.44719979469664 0 1.02987081953324 1.54286791407503 1.85196811915375 1.57483757566661 1.46201182389632 1.65017836983316 1.37280421773903 1.32972643245012 1.73009732947685 1.56953298393637 1.41961643146351 1.86221290915273 1.83897480368614 1.79146676324308 1.23582660360262 1.09919717605226 1.05899251974188 0.891974473604932 1.26802319916897 1.72238870337605 1.52015470899642 1.72906456468627 1.10062645981088 1.31537729175761 1.6190177614335 1.5234612240456 1.07368705095723
1.78923507523723 0.920718549052253 1.02987081953324 0 1.02944682748057 1.00151120894589 1.69388144672848 1.21149815362878 1.39878279808909 1.72999761486426 0.89957820228301 1.73555189231411 1.01417322945781 1.80998838623054 1.11947821779177 1.22164363996126 1.37679132027552 1.34699821076356 0.953026228351519 1.85751565406099 1.80946784443222 1.70961077418178 1.40001275227405 1.48121511680074 1.22058411827311 1.27097923518158 0.958724614465609 1.14434797619469 1.30161877442151 1.77471590205096
1.48572705150582 1.11000784579664 1.54286791407503 1.02944682748057 0 0.973849999019876 0.91442587482743 1.55765703250654 0.971647109137848 1.73158929031342 1.12632291647606 1.43568403180689 1.7221974064596 1.09369294368662 1.29681042698212 1.31536584347486 1.47233924176544 1.20951666333713 1.74680063081905 1.25071944738738 1.8686012532562 1.87787169637159 1.26082888944075 1.21744825667702 1.12692512222566 1.63981486484408 0.974238242022693 1.87675293860957 1.71461871103384 1.70463291206397
1.58124115690589 1.33725015912205 1.85196811915375 1.00151120894589 0.973849999019876 0 1.54423587676138 1.87282311380841 1.11355619947426 1.10701120318845 1.55111054494046 1.40210013627075 1.52056068740785 1.71634589065798 1.37276363116689 1.69242010684684 1.37961880047806 1.69994691153988 1.21694060997106 1.04849623143673 1.68305462854914 1.85949016315863 1.80434576747939 1.22040260350332 1.00691806408577 0.946856282651424 1.2862476487644 1.20731555740349 1.7373885428533 0.936552398372442
1.2536114603281 1.61346323206089 1.57483757566661 1.69388144672848 0.91442587482743 1.54423587676138 0 1.20145046850666 1.32602970208973 1.41535235219635 1.16245940234512 1.67223491566256 1.05115698627196 0.948047163896263 1.66208196058869 0.93304721894674 1.57071370212361 1.71668630465865 1.87534195859917 1.40955898561515 1.541841968894 1.46853600419126 1.08434138773009 1.35351656796411 0.992059253389016 1.32016480714083 0.962175332941115 1.44856717716902 1.5714264747221 1.88983648805879
1.05936909769662 1.31722469581291 1.46201182389632 1.21149815362878 1.55765703250654 1.87282311380841 1.20145046850666 0 1.55556145124137 0.987806584918872 1.71742905839346 1.84611648973078 1.30882504861802 0.977212232770398 1.1783468213398 1.76119304751046 1.15226577920839 1.30606851563789 1.25863114651293 1.54990554205142 1.26044195727445 1.0078712857794 0.901858972618356 1.42160114762373 1.31083058263175 1.15585301094688 1.33529341942631 0.969407631317154 1.38183575379662 1.24178443080746
1.77533855289221 1.53882618201897 1.65017836983316 1.39878279808909 0.971647109137848 1.11355619947426 1.32602970208973 1.55556145124137 0 1.30002269544639 1.54991610744037 1.57290257350542 1.68471015710384 0.98894622689113 1.46693979506381 1.18738493416458 1.71511066518724 1.70718859392218 1.16520001599565 1.12029603705741 1.7281627249904 1.05423561111093 1.68975079944357 1.81916224583983 1.88723642355762 1.63781204563566 1.47906748880632 1.16515533416532 1.36464542453177 1.2269171802327
1.40016734763049 1.60627966630273 1.37280421773903 1.72999761486426 1.73158929031342 1.10701120318845 1.41535235219635 0.987806584918872 1.30002269544639 0 1.36960317473859 1.38819949957542 1.4038079562597 1.84730421984568 1.43010915396735 1.05302268196829 0.946456575067714 1.45492465281859 1.32706998172216 1.87394562689587 1.25691758911125 0.961562192067504 0.95120591414161 1.74327061814256 1.25518864486367 1.41003544698469 1.71138543798588 1.24042184627615 1.77974832546897 1.34606310352683
1.04806600068696 1.34543356206268 1.32972643245012 0.89957820228301 1.12632291647606 1.55111054494046 1.16245940234512 1.71742905839346 1.54991610744037 1.36960317473859 0 1.21764207142405 0.970073518110439 1.7157863995526 1.56015307549387 1.86183432419784 0.977317034266889 1.64993758359924 1.01557334605604 1.02750281686895 0.939560158643872 1.85335872182623 0.96789704519324 1.45608773245476 1.2716998863034 1.1516256374307 0.99635068513453 1.73457875940949 1.57612962345593 1.61389795714058
1.5705645349808 1.58104767557234 1.73009732947685 1.73555189231411 1.43568403180689 1.40210013627075 1.67223491566256 1.84611648973078 1.57290257350542 1.38819949957542 1.21764207142405 0 1.23916579340585 0.974320870824158 1.57647622074001 1.72818493028171 1.85410370840691 1.61079692887142 1.79967918642797 1.28683303110301 0.991661682957783 1.6436106832698 1.85043298732489 1.88622633018531 1.43162043415941 1.53899371740408 1.49933445220813 1.74937985930592 1.45321825915016 1.86253524734639
1.81415920029394 1.04588028369471 1.56953298393637 1.01417322945781 1.7221974064596 1.52056068740785 1.05115698627196 1.30882504861802 1.68471015710384 1.4038079562597 0.970073518110439 1.23916579340585 0 0.933122262358665 1.39327112329192 1.84509812900797 1.43683676957153 1.87190301623195 0.952339141163975 1.4217641139403 1.63693273044191 0.932311958167702 1.46929856133647 1.2032296906691 1.75750391953625 1.35961957508698 1.48384037497453 1.09354884503409 1.13338702078909 0.972767664585263
1.73807440488599 1.20651679928415 1.41961643146351 1.80998838623054 1.09369294368662 1.71634589065798 0.948047163896263 0.977212232770398 0.98894622689113 1.84730421984568 1.7157863995526 0.974320870824158 0.933122262358665 0 0.970177782233804 1.34536927007139 1.28547650924884 1.61144899530336 1.33035021228716 1.13579980144277 1.57519682333805 1.39698618580587 1.04473885335028 1.02518005738966 1.64431520644575 1.65291059482843 1.49322393652983 1.32938726479188 1.5150291135069 1.03293964336626
1.60130288545042 1.88322779047303 1.86221290915273 1.11947821779177 1.29681042698212 1.37276363116689 1.66208196058869 1.1783468213398 1.46693979506381 1.43010915396735 1.56015307549387 1.57647622074001 1.39327112329192 0.970177782233804 0 1.50987625098787 1.37270362419076 1.31460620672442 1.1786319478415 1.46202690317295 1.48260492109694 1.03086988860741 1.04005910875276 1.06027375115082 1.65537486271933 1.61072305170819 1.81587601802312 1.53983941534534 0.962688048370183 1.18055568123236
1.26421540509909 1.04541622358374 1.83897480368614 1.22164363996126 1.31536584347486 1.69242010684684 0.93304721894674 1.76119304751046 1.18738493416458 1.05302268196829 1.86183432419784 1.72818493028171 1.84509812900797 1.34536927007139 1.50987625098787 0 1.79736995650455 1.258286338998 1.08493650984019 1.7408991875127 1.44088586233556 1.82232948578894 1.34630933078006 0.911842689849436 1.52399547141977 1.4918674796354 1.86980081885122 1.6335794290062 1.05851820576936 1.28783872979693
1.31798166921362 1.74666874622926 1.79146676324308 1.37679132027552 1.47233924176544 1.37961880047806 1.57071370212361 1.15226577920839 1.71511066518724 0.946456575067714 0.977317034266889 1.85410370840691 1.43683676957153 1.28547650924884 1.37270362419076 1.79736995650455 0 1.60382477380335 1.21704317326657 1.62951656267978 1.76639449875802 1.61211127601564 0.915659424383193 1.49888259032741 1.11884390516207 1.53358371858485 1.49457631446421 1.52526721451432 1.51651771180332 1.58350653201342
1.40869658533484 0.996311975875869 1.23582660360262 1.34699821076356 1.20951666333713 1.69994691153988 1.71668630465865 1.30606851563789 1.70718859392218 1.45492465281859 1.64993758359924 1.61079692887142 1.87190301623195 1.61144899530336 1.31460620672442 1.258286338998 1.60382477380335 0 1.04901278181933 1.14256295305677 1.68989865202457 1.84925774508156 1.45466014673002 1.23481930140406 1.50832964968868 1.26137392851524 1.82743494329043 1.27158499532379 1.02624143846333 1.83732402860187
1.28480073786341 1.64859741460532 1.09919717605226 0.953026228351519 1.74680063081905 1.21694060997106 1.87534195859917 1.25863114651293 1.16520001599565 1.32706998172216 1.01557334605604 1.79967918642797 0.952339141163975 1.33035021228716 1.1786319478415 1.08493650984019 1.21704317326657 1.04901278181933 0 1.4592869291082 1.41177239548415 1.46501548006199 1.44286836194806 0.963863907614723 1.84855249850079 1.27550011198036 1.19017623015679 1.39746058848687 1.78870684187859 1.7571606237907
0.99457402783446 1.60330862062983 1.05899251974188 1.85751565406099 1.25071944738738 1.04849623143673 1.40955898561515 1.54990554205142 1.12029603705741 1.87394562689587 1.02750281686895 1.28683303110301 1.4217641139403 1.13579980144277 1.46202690317295 1.7408991875127 1.62951656267978 1.14256295305677 1.4592869291082 0 1.275265423581 1.02460614172742 1.66229736781679 1.07726303883828 1.21168333198875 1.61620129132643 0.96625001821667 1.58876648754813 0.933967983815819 1.02576939691789
1.37375604989938 1.20805111457594 0.891974473604932 1.80946784443222 1.8686012532562 1.68305462854914 1.541841968894 1.26044195727445 1.7281627249904 1.25691758911125 0.939560158643872 0.991661682957783 1.63693273044191 1.57519682333805 1.48260492109694 1.44088586233556 1.76639449875802 1.68989865202457 1.41177239548415 1.275265423581 0 1.12585524353199 1.76403832342476 1.15927231754176 0.940737490775064 0.944727775407955 1.45739349909127 1.392974474933 1.33002529037185 1.37458465993404
1.61444948287681 1.23646238609217 1.26802319916897 1.70961077418178 1.87787169637159 1.85949016315863 1.46853600419126 1.0078712857794 1.05423561111093 0.961562192067504 1.85335872182623 1.6436106832698 0.932311958167702 1.39698618580587 1.03086988860741 1.82232948578894 1.61211127601564 1.84925774508156 1.46501548006199 1.02460614172742 1.12585524353199 0 1.24006164469756 1.26535050570965 1.14997969847172 1.88056722097099 1.74442292237654 0.904503860510886 1.11935645760968 1.39048850466497
0.97098425985314 1.39588038809597 1.72238870337605 1.40001275227405 1.26082888944075 1.80434576747939 1.08434138773009 0.901858972618356 1.68975079944357 0.95120591414161 0.96789704519324 1.85043298732489 1.46929856133647 1.04473885335028 1.04005910875276 1.34630933078006 0.915659424383193 1.45466014673002 1.44286836194806 1.66229736781679 1.76403832342476 1.24006164469756 0 1.86379078403115 1.42346847662702 1.385124348104 1.69124391744845 1.63688476150855 0.92837789398618 0.900425557745621
1.22243224130943 0.929109852295369 1.52015470899642 1.48121511680074 1.21744825667702 1.22040260350332 1.35351656796411 1.42160114762373 1.81916224583983 1.74327061814256 1.45608773245476 1.88622633018531 1.2032296906691 1.02518005738966 1.06027375115082 0.911842689849436 1.49888259032741 1.23481930140406 0.963863907614723 1.07726303883828 1.15927231754176 1.26535050570965 1.86379078403115 0 0.948423455003649 0.916893430054188 1.71400730474852 1.31823951238766 1.39884843328036 1.53187732561491
1.21343069546856 1.08026722096838 1.72906456468627 1.22058411827311 1.12692512222566 1.00691806408577 0.992059253389016 1.31083058263175 1.88723642355762 1.25518864486367 1.2716998863034 1.43162043415941 1.75750391953625 1.64431520644575 1.65537486271933 1.52399547141977 1.11884390516207 1.50832964968868 1.84855249850079 1.21168333198875 0.940737490775064 1.14997969847172 1.42346847662702 0.948423455003649 0 1.38502731500193 1.53824452357367 1.34329711087048 1.05953088984825 1.47190313460305
1.85419047181495 1.27919772895984 1.10062645981088 1.27097923518158 1.63981486484408 0.946856282651424 1.32016480714083 1.15585301094688 1.63781204563566 1.41003544698469 1.1516256374307 1.53899371740408 1.35961957508698 1.65291059482843 1.61072305170819 1.4918674796354 1.53358371858485 1.26137392851524 1.27550011198036 1.61620129132643 0.944727775407955 1.88056722097099 1.385124348104 0.916893430054188 1.38502731500193 0 1.03686918877065 1.41121926764026 1.84172334498726 1.6562788519077
1.77296812506393 1.87944316351786 1.31537729175761 0.958724614465609 0.974238242022693 1.2862476487644 0.962175332941115 1.33529341942631 1.47906748880632 1.71138543798588 0.99635068513453 1.49933445220813 1.48384037497453 1.49322393652983 1.81587601802312 1.86980081885122 1.49457631446421 1.82743494329043 1.19017623015679 0.96625001821667 1.45739349909127 1.74442292237654 1.69124391744845 1.71400730474852 1.53824452357367 1.03686918877065 0 1.78240213845856 0.941296412143856 1.19363146531396
1.34133486705832 0.974616254912689 1.6190177614335 1.14434797619469 1.87675293860957 1.20731555740349 1.44856717716902 0.969407631317154 1.16515533416532 1.24042184627615 1.73457875940949 1.74937985930592 1.09354884503409 1.32938726479188 1.53983941534534 1.6335794290062 1.52526721451432 1.27158499532379 1.39746058848687 1.58876648754813 1.392974474933 0.904503860510886 1.63688476150855 1.31823951238766 1.34329711087048 1.41121926764026 1.78240213845856 0 1.86044983542524 1.8880274426192
1.39735701447353 0.98056927183643 1.5234612240456 1.30161877442151 1.71461871103384 1.7373885428533 1.5714264747221 1.38183575379662 1.36464542453177 1.77974832546897 1.57612962345593 1.45321825915016 1.13338702078909 1.5150291135069 0.962688048370183 1.05851820576936 1.51651771180332 1.02624143846333 1.78870684187859 0.933967983815819 1.33002529037185 1.11935645760968 0.92837789398618 1.39884843328036 1.05953088984825 1.84172334498726 0.941296412143856 1.86044983542524 0 1.72681075427681
1.34977057832293 1.0644829350058 1.07368705095723 1.77471590205096 1.70463291206397 0.936552398372442 1.88983648805879 1.24178443080746 1.2269171802327 1.34606310352683 1.61389795714058 1.86253524734639 0.972767664585263 1.03293964336626 1.18055568123236 1.28783872979693 1.58350653201342 1.83732402860187 1.7571606237907 1.02576939691789 1.37458465993404 1.39048850466497 0.900425557745621 1.53187732561491 1.47190313460305 1.6562788519077 1.19363146531396 1.8880274426192 1.72681075427681 0
