0 1.19279019418173 0.976270246086642 1.07214403687976 0.931164622073993 1.76484252163209 1.15172512712888 1.51910734386183 1.10487026465125 1.09841899224557 1.83458866202272 1.62807363225147 1.1417940526735 1.77286191494204 1.2774486404378 1.18739744927734 1.04784546256997 1.43179661035538 1.67572087561712 1.48701797379181 1.65178102743812 1.66906942380592 1.1944468668662 1.25770668708719 0.926204913994297 1.39368170709349 1.83601006446406 1.73059918126091 1.30195481982082 1.59083769633435
1.19279019418173 0 1.00806489656679 1.3543066882994 1.47307468485087 1.69757413538173 1.64606522629037 1.78251821664162 1.02992798364721 1.06303815450519 1.37339395098388 1.64441581629217 1.80114681110717 1.21832080115564 1.23774302308448 1.28347411588766 1.04386056610383 1.47388860373758 1.33882591128349 1.65683267242275 0.959964497946203 1.51774893561378 1.81460395664908 1.09115426731296 1.74976683454588 1.78141302498989 1.86637316574343 1.24684190447442 1.59151058481075 1.25967754144222
0.976270246086642 1.00806489656679 0 1.56179542047903 1.89164841291495 1.41261574532837 1.61650311318226 1.50114935077727 1.0788329874631 1.77615753444843 1.14673315361142 1.29168453556485 1.52031254046597 1.10180017957464 1.71223032916896 1.76562276203185 1.18502335669473 1.51290148845874 1.80398667789996 1.43058448238298 1.70747158140875 1.79354846221395 1.02302059112117 1.14460726641119 1.05165743920952 0.958474368555471 1.31939065200277 1.20543923089281 1.28890256513841 1.53550898563117
1.07214403687976 1.3543066882994 1.56179542047903 0 1.81333910417743 1.62434196984395 1.26461154478602 1.68178846081719 0.943061258876696 1.67247152724303 1.12415451882407 1.28880170290358 0.926320715574548 1.85710723814555 1.39578943094239 1.65751628600992 1.62548352126032 1.8276526981499 0.947014800040051 1.28642612625845 1.88201809721068 1.79300389252603 1.38237323169596 1.32672047219239 1.39852775842883 1.16176793747582 1.39785756124184 1.80571487150155 0.945317546371371 1.33451016712934
0.931164622073993 1.47307468485087 1.89164841291495 1.81333910417743 0 1.3996238631662 1.84554475359619 1.77567969984375 0.963985491544008 0.954868270084262 1.52854068437591 1.37726551759988 0.970640212763101 1.15159313171171 1.74517446570098 1.47802520380355 1.05859188293107 1.69041171483696 1.23586038593203 1.54368084412999 1.50769911427051 1.45458781602792 1.13296924065799 1.90393977495842 1.07953763986006 1.70646056858823 1.68236613296904 0.991678152000532 1.61609738646075 0.972478387411684
1.76484252163209 1.69757413538173 1.41261574532837 1.62434196984395 1.3996238631662 0 1.36097850021906 1.24893018254079 1.0952675351873 1.62697253539227 1.31203841348179 1.0200338633731 1.48884555208497 1.24241628497839 1.55744281364605 1.88733444851823 1.40414632926695 1.0077406631317 0.936071700882167 1.56578613189049 1.72895912243985 1.04882604093291 1.15841645374894 0.946350690210238 1.06600826908834 1.31559087662026 1.18801750382408 1.09185727220029 1.57235711021349 1.56271091569215
1.15172512712888 1.64606522629037 1.61650311318226 1.26461154478602 1.84554475359619 1.36097850021906 0 1.25526450690813 0.970198115333915 1.20355325494893 1.592565322062 1.20865610288456 1.84731643903069 1.27080547483638 1.67031308100559 1.85115742520429 1.3008548184298 1.78687055082992 0.957585136871785 1.80912437336519 0.977303904714063 1.7185879338067 1.42901192535646 0.941575716482475 1.63258909364231 1.14247932983562 1.11463189008646 1.81987158255652 1.70150249055587 1.02534763794392
1.51910734386183 1.78251821664162 1.50114935077727 1.68178846081719 1.77567969984375 1.24893018254079 1.25526450690813 0 1.39301777398214 1.83946308563463 1.66111842845567 0.957471812609583 1.14498409954831 1.79460634803399 0.973646277561784 1.27425337862223 1.27305757440627 1.15175983845256 1.75498802564107 1.7473006087821 1.02812995552085 1.43391998903826 1.8393038790673 1.40158675890416 1.73847154178657 1.15879852185026 0.978210309753194 1.42835764703341 1.51061842194758 1.66941585787572
1.10487026465125 1.02992798364721 1.0788329874631 0.943061258876696 0.963985491544008 1.0952675351873 0.970198115333915 1.39301777398214 0 1.49485435965471 1.83246729779057 1.12071566330269 1.08997216844 1.87739978730679 1.56208324758336 1.19644925836474 1.7311609047465 1.85757530806586 1.12463075597771 1.07675297022797 1.04521854850464 1.25805013719946 1.35428956383839 1.65918507543392 1.13922466849908 1.44563134689815 1.79624288645573 1.10280412412249 1.52614880353212 1.7667822430376
1.09841899224557 1.06303815450519 1.77615753444843 1.67247152724303 0.954868270084262 1.62697253539227 1.20355325494893 1.83946308563463 1.49485435965471 0 0.979328992543742 1.51455748127773 1.44336203159764 1.72532395226881 1.61146138655022 1.5208762770053 1.88616592716426 1.23178084706888 1.14842267544009 1.61720021557994 1.4801508851815 1.50920669641346 1.26802182034589 1.01132622291334 1.50634882831946 1.48549207346514 1.55950460396707 1.20787415071391 1.52181363059208 1.30519217043184
1.83458866202272 1.37339395098388 1.14673315361142 1.12415451882407 1.52854068437591 1.31203841348179 1.592565322062 1.66111842845567 1.83246729779057 0.979328992543742 0 1.50370900286362 1.26778577710502 1.87500811112113 1.38452971540391 1.43301813746803 1.2271053136792 1.75838939263485 0.937083650613204 0.919274736195803 1.87867318256758 1.10714102722704 1.87057320517488 1.75661585200578 1.33274809713475 0.959034824976698 1.76513572176918 1.59069588687271 1.51294379169121 1.46303008100949
1.62807363225147 1.64441581629217 1.29168453556485 1.28880170290358 1.37726551759988 1.0200338633731 1.20865610288456 0.957471812609583 1.12071566330269 1.51455748127773 1.50370900286362 0 1.83933116053231 1.30497260880657 1.43071526312269 1.15416111773811 1.55550035624765 1.16211780672893 1.45886229421012 1.86570378183387 1.50883279251866 1.73692308622412 1.54324847110547 1.6512056463398 1.82337639387697 1.60757947084494 1.15332829463296 1.53975210781209 1.48515397799201 1.60006338823587
1.1417940526735 1.80114681110717 1.52031254046597 0.926320715574548 0.970640212763101 1.48884555208497 1.84731643903069 1.14498409954831 1.08997216844 1.44336203159764 1.26778577710502 1.83933116053231 0 1.84096632688306 1.81900506396778 1.1634235442616 1.56230419361964 1.28423756104894 1.27854474470951 1.48718097619712 0.955697381636128 1.37598422821611 1.13255511294119 1.42447745520622 1.81374537339434 1.06544094416313 1.25925727933645 1.74159539910033 1.668241124833 1.746278392151
1.77286191494204 1.21832080115564 1.10180017957464 1.85710723814555 1.15159313171171 1.24241628497839 1.27080547483638 1.79460634803399 1.87739978730679 1.72532395226881 1.87500811112113 1.30497260880657 1.84096632688306 0 1.82278022915125 1.29914644965902 0.994496646570042 1.09748262003995 1.64091605343856 1.15331445494667 1.74512963718735 1.48721732082777 1.15695967501961 1.64387930068187 1.80531567381695 1.6159768612124 1.80498903058469 1.57260736287571 1.72983546834439 1.6306842349004
1.2774486404378 1.23774302308448 1.71223032916896 1.39578943094239 1.74517446570098 1.55744281364605 1.67031308100559 0.973646277561784 1.56208324758336 1.61146138655022 1.38452971540391 1.43071526312269 1.81900506396778 1.82278022915125 0 1.79626695578918 1.30418455787003 1.02550287777558 1.16454009851441 1.23044189368375 1.6656323785428 0.94350618775934 1.41155095282011 1.22632952779531 1.52651466894895 1.66817407729104 1.52672793646343 1.08128248923458 1.1802242025733 1.82638503145427
1.18739744927734 1.28347411588766 1.76562276203185 1.65751628600992 1.47802520380355 1.88733444851823 1.85115742520429 1.27425337862223 1.19644925836474 1.5208762770053 1.43301813746803 1.15416111773811 1.1634235442616 1.29914644965902 1.79626695578918 0 1.58396209101193 1.30577560304664 0.975357155082747 1.86022137850523 1.14804426045157 1.44279460329562 1.88408217043616 1.25079691968858 1.573910392588 1.44038134254515 1.22963418625295 1.15205589961261 1.04527240246534 1.24702697782777
1.04784546256997 1.04386056610383 1.18502335669473 1.62548352126032 1.05859188293107 1.40414632926695 1.3008548184298 1.27305757440627 1.7311609047465 1.88616592716426 1.2271053136792 1.55550035624765 1.56230419361964 0.994496646570042 1.30418455787003 1.58396209101193 0 0.958517265040427 0.962618656922132 1.35276592010632 1.5794503162615 1.4471870472189 1.41869949549437 1.81082664197311 1.73522656224668 1.18850291660056 1.48838191479445 0.943659092765301 1.04514766554348 1.84204156720079
1.43179661035538 1.47388860373758 1.51290148845874 1.8276526981499 1.69041171483696 1.0077406631317 1.78687055082992 1.15175983845256 1.85757530806586 1.23178084706888 1.75838939263485 1.16211780672893 1.28423756104894 1.09748262003995 1.02550287777558 1.30577560304664 0.958517265040427 0 1.7463482064195 1.79914118512534 1.15947300335392 1.17430636449717 1.62725242273882 0.928725159959868 1.04590519634075 1.83512431685813 1.43730593263172 1.15350939915515 1.68356463313103 0.939113619038835
1.67572087561712 1.33882591128349 1.80398667789996 0.947014800040051 1.23586038593203 0.936071700882167 0.957585136871785 1.75498802564107 1.12463075597771 1.14842267544009 0.937083650613204 1.45886229421012 1.27854474470951 1.64091605343856 1.16454009851441 0.975357155082747 0.962618656922132 1.7463482064195 0 1.85269378172234 1.41899721953087 1.07595433969982 1.10948326345533 1.83549894508906 1.6417048596777 0.916255401214585 1.8182322923094 1.16859517036937 1.88420070544817 1.14607823127881
1.48701797379181 1.65683267242275 1.43058448238298 1.28642612625845 1.54368084412999 1.56578613189049 1.80912437336519 1.7473006087821 1.07675297022797 1.61720021557994 0.919274736195803 1.86570378183387 1.48718097619712 1.15331445494667 1.23044189368375 1.86022137850523 1.35276592010632 1.79914118512534 1.85269378172234 0 1.4926631806884 1.76194219687022 1.66529844538309 0.981938806595281 1.64265265921131 1.0831381471362 1.2803898062557 1.02901517250575 1.19317785510793 1.60666953306645
1.65178102743812 0.959964497946203 1.70747158140875 1.88201809721068 1.50769911427051 1.72895912243985 0.977303904714063 1.02812995552085 1.04521854850464 1.4801508851815 1.87867318256758 1.50883279251866 0.955697381636128 1.74512963718735 1.6656323785428 1.14804426045157 1.5794503162615 1.15947300335392 1.41899721953087 1.4926631806884 0 1.00990476435982 1.42220764304511 1.79131352133118 0.921898894477636 1.84438384464011 0.956418619723991 1.36863827309571 1.04198225354776 1.72917900164612
1.66906942380592 1.51774893561378 1.79354846221395 1.79300389252603 1.45458781602792 1.04882604093291 1.7185879338067 1.43391998903826 1.25805013719946 1.50920669641346 1.10714102722704 1.73692308622412 1.37598422821611 1.48721732082777 0.94350618775934 1.44279460329562 1.4471870472189 1.17430636449717 1.07595433969982 1.76194219687022 1.00990476435982 0 1.44987987866625 1.22189868078567 1.17716934974305 1.60449063661508 1.22635044925846 1.39259521220811 0.978340276284143 1.0582102893386
1.1944468668662 1.81460395664908 1.02302059112117 1.38237323169596 1.13296924065799 1.15841645374894 1.42901192535646 1.8393038790673 1.35428956383839 1.26802182034589 1.87057320517488 1.54324847110547 1.13255511294119 1.15695967501961 1.41155095282011 1.88408217043616 1.41869949549437 1.62725242273882 1.10948326345533 1.66529844538309 1.42220764304511 1.44987987866625 0 1.78268397739157 1.33511412539519 1.89581501623616 1.14421395678073 1.26114569837227 1.21644586906768 1.51855716155842
1.25770668708719 1.09115426731296 1.14460726641119 1.32672047219239 1.90393977495842 0.946350690210238 0.941575716482475 1.40158675890416 1.65918507543392 1.01132622291334 1.75661585200578 1.6512056463398 1.42447745520622 1.64387930068187 1.22632952779531 1.25079691968858 1.81082664197311 0.928725159959868 1.83549894508906 0.981938806595281 1.79131352133118 1.22189868078567 1.78268397739157 0 1.63780908496119 1.62519858637825 0.995747556677088 1.64978185389191 0.971015042159706 1.02858336549252
0.926204913994297 1.74976683454588 1.05165743920952 1.39852775842883 1.07953763986006 1.06600826908834 1.63258909364231 1.73847154178657 1.13922466849908 1.50634882831946 1.33274809713475 1.82337639387697 1.81374537339434 1.80531567381695 1.52651466894895 1.573910392588 1.73522656224668 1.04590519634075 1.6417048596777 1.64265265921131 0.921898894477636 1.17716934974305 1.33511412539519 1.63780908496119 0 1.77928446978331 1.71758546610363 1.2312457903754 1.54585192166269 1.68688177480362
1.39368170709349 1.78141302498989 0.958474368555471 1.16176793747582 1.70646056858823 1.31559087662026 1.14247932983562 1.15879852185026 1.44563134689815 1.48549207346514 0.959034824976698 1.60757947084494 1.06544094416313 1.6159768612124 1.66817407729104 1.44038134254515 1.18850291660056 1.83512431685813 0.916255401214585 1.0831381471362 1.84438384464011 1.60449063661508 1.89581501623616 1.62519858637825 1.77928446978331 0 0.920605903491378 1.80910590500571 1.73096825811081 1.84886807110161
1.83601006446406 1.86637316574343 1.31939065200277 1.39785756124184 1.68236613296904 1.18801750382408 1.11463189008646 0.978210309753194 1.79624288645573 1.55950460396707 1.76513572176918 1.15332829463296 1.25925727933645 1.80498903058469 1.52672793646343 1.22963418625295 1.48838191479445 1.43730593263172 1.8182322923094 1.2803898062557 0.956418619723991 1.22635044925846 1.14421395678073 0.995747556677088 1.71758546610363 0.920605903491378 0 1.7086393062491 1.52120135491714 1.85057490272447
1.73059918126091 1.24684190447442 1.20543923089281 1.80571487150155 0.991678152000532 1.09185727220029 1.81987158255652 1.42835764703341 1.10280412412249 1.20787415071391 1.59069588687271 1.53975210781209 1.74159539910033 1.57260736287571 1.08128248923458 1.15205589961261 0.943659092765301 1.15350939915515 1.16859517036937 1.02901517250575 1.36863827309571 1.39259521220811 1.26114569837227 1.64978185389191 1.2312457903754 1.80910590500571 1.7086393062491 0 1.84789214748889 1.60392442438751
1.30195481982082 1.59151058481075 1.28890256513841 0.945317546371371 1.61609738646075 1.57235711021349 1.70150249055587 1.51061842194758 1.52614880353212 1.52181363059208 1.51294379169121 1.48515397799201 1.668241124833 1.72983546834439 1.1802242025733 1.04527240246534 1.04514766554348 1.68356463313103 1.88420070544817 1.19317785510793 1.04198225354776 0.978340276284143 1.21644586906768 0.971015042159706 1.54585192166269 1.73096825811081 1.52120135491714 1.84789214748889 0 0.98287751362659
1.59083769633435 1.25967754144222 1.53550898563117 1.33451016712934 0.972478387411684 1.56271091569215 1.02534763794392 1.66941585787572 1.7667822430376 1.30519217043184 1.46303008100949 1.60006338823587 1.746278392151 1.6306842349004 1.82638503145427 1.24702697782777 1.84204156720079 0.939113619038835 1.14607823127881 1.60666953306645 1.72917900164612 1.0582102893386 1.51855716155842 1.02858336549252 1.68688177480362 1.84886807110161 1.85057490272447 1.60392442438751 0.98287751362659 0
