0 1.14565225155093 1.66796802682802 1.34179915580899 1.03811169718392 1.05188435851596 1.39742498518899 1.62769859260879 1.22137962095439 1.10837577120401 1.78315095091239 1.77771037840284 1.5787959729787 1.18747858516872 1.6466404821258 1.73133411328308 1.70391145651229 1.63260060711764 1.08274338301271 1.5277407169342 1.40644553932361 1.06317634973675 1.62364193960093 1.67699724808335 1.83873077132739 1.54637236427516 1.21608821349218 1.21346661099233 1.5926373670809 1.5470729903318
1.14565225155093 0 1.61148276436143 1.59791072481312 1.32593380240723 1.12920092977583 1.87418701080605 0.970756060210988 1.18316026451066 0.962622587801889 1.18838842655532 1.44800960738212 1.09066698746756 1.19729893491603 1.45205600326881 1.02074202313088 1.38882425101474 1.11790012661368 1.12079228227958 1.41487216879614 1.58936861832626 1.16687066410668 1.17391354613937 1.50578865292482 1.63672344735824 1.67021743580699 0.973693071398884 1.13497387780808 1.66279614064842 1.68046661862172
1.66796802682802 1.61148276436143 0 1.86015731398948 1.47894443641417 1.90317868581042 1.91712986771017 1.695134624606 1.83173535717651 1.65627906401642 0.954223613254726 1.72506377100945 0.966744184261188 1.8510313949082 1.77204733411781 1.35116141778417 1.09994097263552 1.40022121160291 1.77823412860744 0.97699188394472 1.1703664038796 1.78317243419588 0.970004021190107 1.1854401291348 1.36481871665455 1.29947471618652 1.90411190781742 1.85960641806014 0.938048215582967 1.65211979905143
1.34179915580899 1.59791072481312 1.86015731398948 0 1.24450102215633 1.30719926650636 1.36363969394006 1.19018000690266 1.74861285672523 1.80351034412161 1.10566468187608 1.8792167333886 1.78124241228215 0.958265691064298 0.942289003636688 1.43619853467681 1.51259608240798 1.55558618111536 1.50328794191591 1.67693565948866 1.04579994804226 1.22608398762532 1.45798843284138 1.27780622988939 0.943355021765456 1.12834554375149 1.37475062464364 1.19456891785376 1.40161169180647 1.46967986598611
1.03811169718392 1.32593380240723 1.47894443641417 1.24450102215633 0 1.8195273198653 1.79671868565492 1.13561739679426 1.615197758656 1.10411102254875 1.52638801955618 0.970871174009517 1.76279530627653 1.44348568748683 1.22810349217616 1.08906750776805 1.49188164179213 1.76026075519621 1.70599694293924 1.76496209180914 1.57470764126629 1.2301114324946 1.6137888263911 1.10464404965751 1.00417397264391 1.58645468833856 1.69565638084896 1.65891192806885 1.16612980468199 1.63524321396835
1.05188435851596 1.12920092977583 1.90317868581042 1.30719926650636 1.8195273198653 0 1.6994607145898 1.91996869607829 1.38867854629643 1.88614753400907 1.43349480978213 1.80490228184499 1.42201050790027 1.62377122463658 1.48513970128261 1.58966714073904 1.72498089750297 1.09660417074338 1.56027229689062 1.16855232417583 1.22794079524465 1.62183688068762 1.6191218867898 1.33311089454219 1.31697291065939 1.23778861761093 1.13058696244843 1.15815941570327 0.986779777565971 1.7169728113804
1.39742498518899 1.87418701080605 1.91712986771017 1.36363969394006 1.79671868565492 1.6994607145898 0 1.51911451085471 1.52778875641525 1.62109954096377 1.65439271228388 1.10148369125091 0.963215149007738 1.84374071029015 1.43865269119851 1.76708899764344 0.947413658490404 1.05963496980257 1.566022885032 1.07145640486851 1.36827978887595 1.26078909612261 1.84780891425908 1.52481541084126 0.93952356511727 0.949739396572113 1.00868512014858 1.20119768194854 1.36810970213264 1.89898568275385
1.62769859260879 0.970756060210988 1.695134624606 1.19018000690266 1.13561739679426 1.91996869607829 1.51911451085471 0 1.13309916225262 1.82524011633359 1.17871983977966 1.16911216289736 1.58338845800608 1.13826912711374 1.37089742068201 1.53520507202484 1.8259537552949 1.05578689579852 1.45948431571014 1.4138171125669 1.66522938502021 1.15095249004662 1.57842614850961 1.15398635948077 1.69956138031557 1.54783911420964 1.50215395912528 1.22804954973981 1.70457175886258 1.50033148936927
1.22137962095439 1.18316026451066 1.83173535717651 1.74861285672523 1.615197758656 1.38867854629643 1.52778875641525 1.13309916225262 0 1.47430649795569 1.80312417587265 1.22794130095281 1.93357076705433 1.71581728430465 1.90508540417068 1.49643610022031 0.9969373033382 1.86870201025158 1.04801495745778 1.74515418498777 1.11810849630274 1.90457195276394 1.86849085381255 0.98375608609058 0.937261446611956 1.1435049623251 1.54845932289027 1.31507710670121 1.11079019331373 1.66259365179576
1.10837577120401 0.962622587801889 1.65627906401642 1.80351034412161 1.10411102254875 1.88614753400907 1.62109954096377 1.82524011633359 1.47430649795569 0 1.43646111898124 1.49775922391564 1.65675106924027 1.14978920458816 1.2418229370378 1.41640045144595 1.01968982652761 1.75715640303679 1.04999550036155 1.81798411812633 1.06180284405127 1.90637667127885 1.52927056816407 1.65488418797031 1.6570620785933 0.965378768974915 1.93495947681367 1.01527028414421 1.01662987028249 1.1455893618986
1.78315095091239 1.18838842655532 0.954223613254726 1.10566468187608 1.52638801955618 1.43349480978213 1.65439271228388 1.17871983977966 1.80312417587265 1.43646111898124 0 1.8331463644281 1.65574526996352 1.29123897990212 1.6614122283645 1.73617540881969 0.963101399596781 1.13519136724062 1.82326509756967 1.01071293768473 1.81057543563657 1.75051316781901 1.21458614501171 1.44794633798301 1.81522130873054 1.81347028166056 1.03381927032024 1.74231109814718 1.18547071469948 1.56289958581328
1.77771037840284 1.44800960738212 1.72506377100945 1.8792167333886 0.970871174009517 1.80490228184499 1.10148369125091 1.16911216289736 1.22794130095281 1.49775922391564 1.8331463644281 0 1.23118169419467 1.42045249580406 1.35186558938585 1.77789621264674 1.52365530794486 1.25571974855848 1.4181441210676 1.27527451189235 1.115061895689 0.979726403253153 1.68771923473105 1.26988566713408 1.34761710604653 1.76097353128716 1.80607895785943 1.27130737737752 1.61438813596033 1.79778353101574
1.5787959729787 1.09066698746756 0.966744184261188 1.78124241228215 1.76279530627653 1.42201050790027 0.963215149007738 1.58338845800608 1.93357076705433 1.65675106924027 1.65574526996352 1.23118169419467 0 1.61012545996346 1.81736753811128 1.25516409147531 1.53327852487564 1.22258744994178 1.52695336122997 1.30435736617073 1.11435958859511 0.980737317353487 1.92463877703995 1.52473216806538 1.84106893022545 1.88737188722007 1.61592835769989 1.22237462247722 1.36324691912159 0.960119409486651
1.18747858516872 1.19729893491603 1.8510313949082 0.958265691064298 1.44348568748683 1.62377122463658 1.84374071029015 1.13826912711374 1.71581728430465 1.14978920458816 1.29123897990212 1.42045249580406 1.61012545996346 0 1.44141757208854 1.0510527077131 1.56451402441598 1.39702583686449 1.51604801299982 1.58174427878112 1.36583633651026 1.55123555567116 1.06284759589471 1.23556653386913 1.3342722512316 1.67895926325582 0.983284880174324 1.54754060367122 1.13222967437468 1.62558261607774
1.6466404821258 1.45205600326881 1.77204733411781 0.942289003636688 1.22810349217616 1.48513970128261 1.43865269119851 1.37089742068201 1.90508540417068 1.2418229370378 1.6614122283645 1.35186558938585 1.81736753811128 1.44141757208854 0 1.66809227596968 1.72886679763906 1.10493392101489 1.01289314310998 1.6908785502892 1.58099285676144 1.12249754439108 1.13171985233203 1.40588123025373 1.19956715917215 1.20369514287449 1.01779238623567 1.01661223359406 1.54851636639796 1.693130685715
1.73133411328308 1.02074202313088 1.35116141778417 1.43619853467681 1.08906750776805 1.58966714073904 1.76708899764344 1.53520507202484 1.49643610022031 1.41640045144595 1.73617540881969 1.77789621264674 1.25516409147531 1.0510527077131 1.66809227596968 0 0.988594325492159 1.44072069623508 1.6753152271267 1.46331951371394 1.17888013017364 1.71635410073213 1.39710368961096 1.32481360132806 1.60996549786068 1.59422889864072 1.48546334030107 1.19603854161687 1.73468723124824 1.04892316902988
1.70391145651229 1.38882425101474 1.09994097263552 1.51259608240798 1.49188164179213 1.72498089750297 0.947413658490404 1.8259537552949 0.9969373033382 1.01968982652761 0.963101399596781 1.52365530794486 1.53327852487564 1.56451402441598 1.72886679763906 0.988594325492159 0 1.83712200704031 1.86454886989668 1.70225311722606 1.58583742636256 1.41599175124429 1.04997271648608 1.30744509608485 1.70486820093356 1.27935562538914 1.90555225219578 1.89821816934273 1.62757048662752 1.814320681151
1.63260060711764 1.11790012661368 1.40022121160291 1.55558618111536 1.76026075519621 1.09660417074338 1.05963496980257 1.05578689579852 1.86870201025158 1.75715640303679 1.13519136724062 1.25571974855848 1.22258744994178 1.39702583686449 1.10493392101489 1.44072069623508 1.83712200704031 0 1.85841657803394 1.6107889355626 1.01293441816233 1.48315757862292 1.82854102132842 1.74577225465328 1.60135475848801 1.67152467230335 1.76839376636781 1.30480468715541 0.966238536173478 1.36980556603521
1.08274338301271 1.12079228227958 1.77823412860744 1.50328794191591 1.70599694293924 1.56027229689062 1.566022885032 1.45948431571014 1.04801495745778 1.04999550036155 1.82326509756967 1.4181441210676 1.52695336122997 1.51604801299982 1.01289314310998 1.6753152271267 1.86454886989668 1.85841657803394 0 1.83501771162264 1.57835787860677 1.34109626617283 1.10951002244838 1.37551368959248 1.91503954585642 1.14438000903465 1.65963567374274 1.48482403345406 1.385323532857 1.68377778679132
1.5277407169342 1.41487216879614 0.97699188394472 1.67693565948866 1.76496209180914 1.16855232417583 1.07145640486851 1.4138171125669 1.74515418498777 1.81798411812633 1.01071293768473 1.27527451189235 1.30435736617073 1.58174427878112 1.6908785502892 1.46331951371394 1.70225311722606 1.6107889355626 1.83501771162264 0 1.63660466275178 1.77988002728671 1.66878230147995 1.51074783154763 1.16241956478916 1.12793648871593 1.67923818202689 1.36356150917709 1.27332654455677 1.80307658342645
1.40644553932361 1.58936861832626 1.1703664038796 1.04579994804226 1.57470764126629 1.22794079524465 1.36827978887595 1.66522938502021 1.11810849630274 1.06180284405127 1.81057543563657 1.115061895689 1.11435958859511 1.36583633651026 1.58099285676144 1.17888013017364 1.58583742636256 1.01293441816233 1.57835787860677 1.63660466275178 0 1.5653097354807 1.6865923050791 1.02654856815934 1.31400709948502 0.999056825647131 0.969392969505861 1.72229208401404 1.30465248087421 0.942892788443714
1.06317634973675 1.16687066410668 1.78317243419588 1.22608398762532 1.2301114324946 1.62183688068762 1.26078909612261 1.15095249004662 1.90457195276394 1.90637667127885 1.75051316781901 0.979726403253153 0.980737317353487 1.55123555567116 1.12249754439108 1.71635410073213 1.41599175124429 1.48315757862292 1.34109626617283 1.77988002728671 1.5653097354807 0 1.8784121000208 1.76894161617383 1.35283636953682 1.47049009497277 1.16919661918655 1.55837170151062 0.959551860811189 1.40794011694379
1.62364193960093 1.17391354613937 0.970004021190107 1.45798843284138 1.6137888263911 1.6191218867898 1.84780891425908 1.57842614850961 1.86849085381255 1.52927056816407 1.21458614501171 1.68771923473105 1.92463877703995 1.06284759589471 1.13171985233203 1.39710368961096 1.04997271648608 1.82854102132842 1.10951002244838 1.66878230147995 1.6865923050791 1.8784121000208 0 0.943341094534844 1.03719268203713 1.35910418489948 1.30648460937664 1.46993010072038 1.52642752462998 1.89410348539241
1.67699724808335 1.50578865292482 1.1854401291348 1.27780622988939 1.10464404965751 1.33311089454219 1.52481541084126 1.15398635948077 0.98375608609058 1.65488418797031 1.44794633798301 1.26988566713408 1.52473216806538 1.23556653386913 1.40588123025373 1.32481360132806 1.30744509608485 1.74577225465328 1.37551368959248 1.51074783154763 1.02654856815934 1.76894161617383 0.943341094534844 0 0.968349142931402 0.9681414028164 1.12005846924148 1.70113419322297 1.15924969431944 0.98345302301459
1.83873077132739 1.63672344735824 1.36481871665455 0.943355021765456 1.00417397264391 1.31697291065939 0.93952356511727 1.69956138031557 0.937261446611956 1.6570620785933 1.81522130873054 1.34761710604653 1.84106893022545 1.3342722512316 1.19956715917215 1.60996549786068 1.70486820093356 1.60135475848801 1.91503954585642 1.16241956478916 1.31400709948502 1.35283636953682 1.03719268203713 0.968349142931402 0 1.88926296168938 1.0353043822106 1.54498778097332 1.41345578199252 1.56904335319996
1.54637236427516 1.67021743580699 1.29947471618652 1.12834554375149 1.58645468833856 1.23778861761093 0.949739396572113 1.54783911420964 1.1435049623251 0.965378768974915 1.81347028166056 1.76097353128716 1.88737188722007 1.67895926325582 1.20369514287449 1.59422889864072 1.27935562538914 1.67152467230335 1.14438000903465 1.12793648871593 0.999056825647131 1.47049009497277 1.35910418489948 0.9681414028164 1.88926296168938 0 1.20027530728839 1.44443571823649 1.57199384272099 1.76147327292711
1.21608821349218 0.973693071398884 1.90411190781742 1.37475062464364 1.69565638084896 1.13058696244843 1.00868512014858 1.50215395912528 1.54845932289027 1.93495947681367 1.03381927032024 1.80607895785943 1.61592835769989 0.983284880174324 1.01779238623567 1.48546334030107 1.90555225219578 1.76839376636781 1.65963567374274 1.67923818202689 0.969392969505861 1.16919661918655 1.30648460937664 1.12005846924148 1.0353043822106 1.20027530728839 0 1.90919654048048 1.49861889914609 1.39301138278097
1.21346661099233 1.13497387780808 1.85960641806014 1.19456891785376 1.65891192806885 1.15815941570327 1.20119768194854 1.22804954973981 1.31507710670121 1.01527028414421 1.74231109814718 1.27130737737752 1.22237462247722 1.54754060367122 1.01661223359406 1.19603854161687 1.89821816934273 1.30480468715541 1.48482403345406 1.36356150917709 1.72229208401404 1.55837170151062 1.46993010072038 1.70113419322297 1.54498778097332 1.44443571823649 1.90919654048048 0 1.3578377852682 1.66759605170228
1.5926373670809 1.66279614064842 0.938048215582967 1.40161169180647 1.16612980468199 0.986779777565971 1.36810970213264 1.70457175886258 1.11079019331373 1.01662987028249 1.18547071469948 1.61438813596033 1.36324691912159 1.13222967437468 1.54851636639796 1.73468723124824 1.62757048662752 0.966238536173478 1.385323532857 1.27332654455677 1.30465248087421 0.959551860811189 1.52642752462998 1.15924969431944 1.41345578199252 1.57199384272099 1.49861889914609 1.3578377852682 0 1.02711598039605
1.5470729903318 1.68046661862172 1.65211979905143 1.46967986598611 1.63524321396835 1.7169728113804 1.89898568275385 1.50033148936927 1.66259365179576 1.1455893618986 1.56289958581328 1.79778353101574 0.960119409486651 1.62558261607774 1.693130685715 1.04892316902988 1.814320681151 1.36980556603521 1.68377778679132 1.80307658342645 0.942892788443714 1.40794011694379 1.89410348539241 0.98345302301459 1.56904335319996 1.76147327292711 1.39301138278097 1.66759605170228 1.02711598039605 0
