0 1.39102599164471 1.65039459639229 1.41406244924292 1.92162996553816 1.2900367481634 1.06611604895443 0.948149600531906 1.82752578426152 1.65426304517314 1.88333352142945 1.12796927033924 1.35799078270793 1.04429672332481 0.985997507581487 1.73277286929078 0.947463107062504 1.64872157736681 1.22773351916112 1.68265634402633 1.15325052430853 1.0189916328527 1.21427192492411 1.54764324449934 1.69565527979285 1.50635531754233 1.20391064183787 1.51036039437167 1.20201163226739 1.60678732418455
1.39102599164471 0 1.04860065714456 1.9113460786175 1.43388038128614 1.18158479244448 1.61122772446834 1.82829786790535 0.999065002892166 1.31895500631072 1.3681167748291 1.81744462368079 1.81704058917239 1.6513531175442 1.15726905385964 1.67815573676489 1.27970866998658 1.52904779044911 1.88208767143078 1.46027346048504 1.93377033481374 1.58865765365772 1.51576456124894 1.44244232703932 1.63292599865235 1.36409773933701 0.953069128561765 1.80507519631647 1.71935018431395 1.27765813143924
1.65039459639229 1.04860065714456 0 1.86573572759517 1.74093423644081 1.18978828634135 1.77240786538459 1.78056384413503 0.997519892640412 1.00542965065688 1.1532668673899 1.55824673385359 0.965672313468531 1.25952845462598 1.77606144105084 1.70104424702004 1.51110886293463 1.80465148435906 1.90894124377519 1.00142343831249 1.20255514932796 1.24764901516028 1.37570857489482 1.10455958009697 1.74603993468918 1.09141383878887 1.43343386473134 1.00918533653021 1.50483496068045 1.66183998808265
1.41406244924292 1.9113460786175 1.86573572759517 0 1.5339270576369 1.3045827972237 1.94004465756007 1.56333224615082 1.7343437562231 1.4243854158558 1.00601611519232 1.1494965495076 1.78264971310273 1.35598718491383 1.20330042485148 1.09271896863356 1.58691361104138 1.16729881963693 1.71528911264613 1.91012739529833 0.961430250201374 1.61159330420196 0.999952242709696 1.37044300395064 1.34938310622238 1.70354172727093 0.958276950055733 1.72508936119266 1.56092920177616 1.73786413529888
1.92162996553816 1.43388038128614 1.74093423644081 1.5339270576369 0 1.57285968773067 1.93457340984605 1.77663651038893 0.957602842943743 0.990647495957091 1.38806160679087 1.49616898130625 1.68240078142844 1.8297646061983 1.31101877475157 1.61050801118836 1.34859182266518 1.34799165697768 1.41265985672362 1.49055035645142 1.34557661414146 1.23480620072223 1.3018677001819 1.90582789620385 1.84071560413577 1.07260829000734 1.88659025053494 1.58938145823777 1.25166511512361 1.60759009071626
1.2900367481634 1.18158479244448 1.18978828634135 1.3045827972237 1.57285968773067 0 1.31189100025222 1.45407064189203 1.04813826270401 1.67060117702931 1.71040278067812 1.0376108456403 1.22095208871178 1.30886472156271 1.82419573073275 1.24023898527957 1.02792546898127 1.22199361608364 1.88621468865313 1.16441952763125 1.74070801446214 1.75788374082185 1.22470249305479 1.80474736401811 1.05417166207917 1.88702023425139 1.25355230667628 1.31647926219739 1.34977487893775 1.63721695169806
1.06611604895443 1.61122772446834 1.77240786538459 1.94004465756007 1.93457340984605 1.31189100025222 0 1.21975010447204 1.06955088069662 1.55854769353755 1.47004157816991 1.60986684751697 1.15796876815148 1.56579289445654 1.09679208183661 1.27391016157344 1.89414466405287 1.1357405600138 1.79695621458814 1.89268016372807 1.56492722709663 1.43955711461604 1.43230991321616 1.64510807301849 1.84148163232021 1.84399771410972 1.56945268530399 1.61277348501608 1.34224146115594 1.78711205394939
0.948149600531906 1.82829786790535 1.78056384413503 1.56333224615082 1.77663651038893 1.45407064189203 1.21975010447204 0 1.03506183391437 1.75639890157618 1.93788518826477 1.91595547203906 1.8495687674731 1.80242308275774 1.24122918467037 1.17269908403978 1.58565281447954 1.29974529636092 1.7075774918776 1.24747510952875 1.68334180046804 1.82858992391266 1.6142196781002 1.59293532487936 0.981699504191056 1.25844240863807 1.11532978806645 1.54847071808763 1.60252635087818 1.25557426875457
1.82752578426152 0.999065002892166 0.997519892640412 1.7343437562231 0.957602842943743 1.04813826270401 1.06955088069662 1.03506183391437 0 1.62017392413691 1.82342176232487 1.59575818432495 1.50811178958975 1.75162675231695 1.47161570074968 1.0961216154974 1.11564553156495 1.54531881818548 1.05517230858095 1.18734579416923 1.07507564825937 1.81474992935546 1.543059628224 1.79577146167867 1.47827814565971 1.80574678303674 1.85512879886664 1.42680467874743 1.39926401665434 1.09118617721833
1.65426304517314 1.31895500631072 1.00542965065688 1.4243854158558 0.990647495957091 1.67060117702931 1.55854769353755 1.75639890157618 1.62017392413691 0 1.79538244870491 1.33289962168783 1.53978040767834 1.25580340460874 1.75975900236517 1.70144734205678 1.38280808692798 1.49060255964287 1.72239503567107 1.19446704932489 1.06641474994831 1.1908648936078 0.973742132075131 1.85982377966866 1.07660104054958 1.38317670742981 1.07945208181627 1.46036976040341 1.5507795473095 1.67451801244169
1.88333352142945 1.3681167748291 1.1532668673899 1.00601611519232 1.38806160679087 1.71040278067812 1.47004157816991 1.93788518826477 1.82342176232487 1.79538244870491 0 1.04513862729073 1.09429775481112 1.49568749079481 1.00667727971449 1.18678104598075 1.66170816682279 1.1118207979016 1.43198322993703 1.27092461986467 1.81511994428001 1.61825528903864 0.958543519955128 1.87351865530945 1.13215529872105 1.01008038176224 1.24292392493226 1.65638774447143 1.32553568156436 1.17973611992784
1.12796927033924 1.81744462368079 1.55824673385359 1.1494965495076 1.49616898130625 1.0376108456403 1.60986684751697 1.91595547203906 1.59575818432495 1.33289962168783 1.04513862729073 0 1.36885111848824 1.50718990922906 1.49122221092694 1.8905663411133 1.26064855861478 1.92925558472052 1.14885914442129 1.67618867824785 1.49570794403553 1.31440198211931 1.60797271784395 0.972303125308827 1.86793195432983 1.23284041369334 1.43098783469759 1.72432455141097 1.05326278787106 1.18167259613983
1.35799078270793 1.81704058917239 0.965672313468531 1.78264971310273 1.68240078142844 1.22095208871178 1.15796876815148 1.8495687674731 1.50811178958975 1.53978040767834 1.09429775481112 1.36885111848824 0 1.63426806102507 1.90505173918791 1.67347058397718 0.956455242121592 1.85439622052945 1.15833946876228 1.03782557649538 1.0416732490994 1.65437970799394 1.9262369077187 1.55121730128303 0.979336759541184 1.59669645433314 1.56900941208005 1.56865079910494 1.59569951961748 1.74739840836264
1.04429672332481 1.6513531175442 1.25952845462598 1.35598718491383 1.8297646061983 1.30886472156271 1.56579289445654 1.80242308275774 1.75162675231695 1.25580340460874 1.49568749079481 1.50718990922906 1.63426806102507 0 1.43517972156405 1.74569776351564 1.32073852908798 0.967672964558005 0.982879216317087 1.18617867096327 1.89495039917529 1.35149765922688 1.68464048625901 0.946101762121543 1.7311956146732 1.63743466208689 1.1592662690673 0.99115829099901 1.90515500842594 1.16307285800576
0.985997507581487 1.15726905385964 1.77606144105084 1.20330042485148 1.31101877475157 1.82419573073275 1.09679208183661 1.24122918467037 1.47161570074968 1.75975900236517 1.00667727971449 1.49122221092694 1.90505173918791 1.43517972156405 0 1.82165944250301 1.79397857794538 1.22023288090713 1.35124094295315 1.73758956836537 1.25732123060152 1.08670844766311 1.31237510568462 0.984414245234802 1.71689850999974 1.71042025717907 1.43688536109403 1.04791019461118 1.71318332850933 1.13598590483889
1.73277286929078 1.67815573676489 1.70104424702004 1.09271896863356 1.61050801118836 1.24023898527957 1.27391016157344 1.17269908403978 1.0961216154974 1.70144734205678 1.18678104598075 1.8905663411133 1.67347058397718 1.74569776351564 1.82165944250301 0 1.26462290761992 1.04266246175393 1.80826853006147 1.69400432007387 1.23048492684029 1.80961555917747 1.30252550216392 1.53950246889144 1.92087132204324 1.63550775381736 1.26062646415085 1.25131857628003 1.60116398637183 1.15137381968088
0.947463107062504 1.27970866998658 1.51110886293463 1.58691361104138 1.34859182266518 1.02792546898127 1.89414466405287 1.58565281447954 1.11564553156495 1.38280808692798 1.66170816682279 1.26064855861478 0.956455242121592 1.32073852908798 1.79397857794538 1.26462290761992 0 1.727812779136 1.51099900924601 1.08270697132684 1.11554579320364 1.34690020163544 1.68955092178658 1.26376071572304 1.61953121400438 1.6539066832047 1.17060139821842 1.56915340991691 1.76455146097578 0.976983386091888
1.64872157736681 1.52904779044911 1.80465148435906 1.16729881963693 1.34799165697768 1.22199361608364 1.1357405600138 1.29974529636092 1.54531881818548 1.49060255964287 1.1118207979016 1.92925558472052 1.85439622052945 0.967672964558005 1.22023288090713 1.04266246175393 1.727812779136 0 0.980743400286883 1.7862889773678 1.2735567514319 1.76932718674652 1.61637516738847 1.1465974112507 1.74303879681975 1.12636911380105 1.58798672049306 1.55417685420252 1.2935726151336 1.23438430437818
1.22773351916112 1.88208767143078 1.90894124377519 1.71528911264613 1.41265985672362 1.88621468865313 1.79695621458814 1.7075774918776 1.05517230858095 1.72239503567107 1.43198322993703 1.14885914442129 1.15833946876228 0.982879216317087 1.35124094295315 1.80826853006147 1.51099900924601 0.980743400286883 0 1.53400058369152 1.64246216625907 1.05217254371382 1.24424816668034 1.02232598117553 1.36320528713986 1.44448780734092 1.76848251535557 1.6734396587126 1.25361364870332 1.21681314567104
1.68265634402633 1.46027346048504 1.00142343831249 1.91012739529833 1.49055035645142 1.16441952763125 1.89268016372807 1.24747510952875 1.18734579416923 1.19446704932489 1.27092461986467 1.67618867824785 1.03782557649538 1.18617867096327 1.73758956836537 1.69400432007387 1.08270697132684 1.7862889773678 1.53400058369152 0 1.78480133716948 1.85834672814235 1.31575482012704 0.983862828463316 1.17037030705251 1.16263145091943 1.79072307934985 1.07651363057084 1.62837443128228 1.88507483666763
1.15325052430853 1.93377033481374 1.20255514932796 0.961430250201374 1.34557661414146 1.74070801446214 1.56492722709663 1.68334180046804 1.07507564825937 1.06641474994831 1.81511994428001 1.49570794403553 1.0416732490994 1.89495039917529 1.25732123060152 1.23048492684029 1.11554579320364 1.2735567514319 1.64246216625907 1.78480133716948 0 1.69383482215926 1.47997520281933 1.6794834700413 1.49505846085958 1.82478954666294 1.90153046092018 1.85635324544273 1.7524661582429 1.76890110876411
1.0189916328527 1.58865765365772 1.24764901516028 1.61159330420196 1.23480620072223 1.75788374082185 1.43955711461604 1.82858992391266 1.81474992935546 1.1908648936078 1.61825528903864 1.31440198211931 1.65437970799394 1.35149765922688 1.08670844766311 1.80961555917747 1.34690020163544 1.76932718674652 1.05217254371382 1.85834672814235 1.69383482215926 0 1.91393069480546 1.59279994782992 0.985536366002634 1.85664984304458 1.93231626530178 1.2091279940214 1.19096419191919 1.07021944760345
1.21427192492411 1.51576456124894 1.37570857489482 0.999952242709696 1.3018677001819 1.22470249305479 1.43230991321616 1.6142196781002 1.543059628224 0.973742132075131 0.958543519955128 1.60797271784395 1.9262369077187 1.68464048625901 1.31237510568462 1.30252550216392 1.68955092178658 1.61637516738847 1.24424816668034 1.31575482012704 1.47997520281933 1.91393069480546 0 1.29515389306471 1.46739776944742 1.52984669059515 1.463798196055 0.971775279380381 1.12355543626472 1.74489945336245
1.54764324449934 1.44244232703932 1.10455958009697 1.37044300395064 1.90582789620385 1.80474736401811 1.64510807301849 1.59293532487936 1.79577146167867 1.85982377966866 1.87351865530945 0.972303125308827 1.55121730128303 0.946101762121543 0.984414245234802 1.53950246889144 1.26376071572304 1.1465974112507 1.02232598117553 0.983862828463316 1.6794834700413 1.59279994782992 1.29515389306471 0 1.32466685865074 1.73327746777795 1.6321522674989 1.92473239731044 1.48169757565483 1.86146889068186
1.69565527979285 1.63292599865235 1.74603993468918 1.34938310622238 1.84071560413577 1.05417166207917 1.84148163232021 0.981699504191056 1.47827814565971 1.07660104054958 1.13215529872105 1.86793195432983 0.979336759541184 1.7311956146732 1.71689850999974 1.92087132204324 1.61953121400438 1.74303879681975 1.36320528713986 1.17037030705251 1.49505846085958 0.985536366002634 1.46739776944742 1.32466685865074 0 1.54536555404775 1.52964338404126 1.81305866618641 1.58426596550271 1.55374369444326
1.50635531754233 1.36409773933701 1.09141383878887 1.70354172727093 1.07260829000734 1.88702023425139 1.84399771410972 1.25844240863807 1.80574678303674 1.38317670742981 1.01008038176224 1.23284041369334 1.59669645433314 1.63743466208689 1.71042025717907 1.63550775381736 1.6539066832047 1.12636911380105 1.44448780734092 1.16263145091943 1.82478954666294 1.85664984304458 1.52984669059515 1.73327746777795 1.54536555404775 0 1.45961997448467 1.14085057610646 1.27715808828361 1.38816937431693
1.20391064183787 0.953069128561765 1.43343386473134 0.958276950055733 1.88659025053494 1.25355230667628 1.56945268530399 1.11532978806645 1.85512879886664 1.07945208181627 1.24292392493226 1.43098783469759 1.56900941208005 1.1592662690673 1.43688536109403 1.26062646415085 1.17060139821842 1.58798672049306 1.76848251535557 1.79072307934985 1.90153046092018 1.93231626530178 1.463798196055 1.6321522674989 1.52964338404126 1.45961997448467 0 1.18784365942702 1.02846576506272 1.75473179412074
1.51036039437167 1.80507519631647 1.00918533653021 1.72508936119266 1.58938145823777 1.31647926219739 1.61277348501608 1.54847071808763 1.42680467874743 1.46036976040341 1.65638774447143 1.72432455141097 1.56865079910494 0.99115829099901 1.04791019461118 1.25131857628003 1.56915340991691 1.55417685420252 1.6734396587126 1.07651363057084 1.85635324544273 1.2091279940214 0.971775279380381 1.92473239731044 1.81305866618641 1.14085057610646 1.18784365942702 0 0.979250686708838 1.84950417233631
1.20201163226739 1.71935018431395 1.50483496068045 1.56092920177616 1.25166511512361 1.34977487893775 1.34224146115594 1.60252635087818 1.39926401665434 1.5507795473095 1.32553568156436 1.05326278787106 1.59569951961748 1.90515500842594 1.71318332850933 1.60116398637183 1.76455146097578 1.2935726151336 1.25361364870332 1.62837443128228 1.7524661582429 1.19096419191919 1.12355543626472 1.48169757565483 1.58426596550271 1.27715808828361 1.02846576506272 0.979250686708838 0 1.32370088784955
1.60678732418455 1.27765813143924 1.66183998808265 1.73786413529888 1.60759009071626 1.63721695169806 1.78711205394939 1.25557426875457 1.09118617721833 1.67451801244169 1.17973611992784 1.18167259613983 1.74739840836264 1.16307285800576 1.13598590483889 1.15137381968088 0.976983386091888 1.23438430437818 1.21681314567104 1.88507483666763 1.76890110876411 1.07021944760345 1.74489945336245 1.86146889068186 1.55374369444326 1.38816937431693 1.75473179412074 1.84950417233631 1.32370088784955 0
