0 1.19874792965129 1.13375538308173 1.2923050345853 1.88918741093948 1.87289308826439 1.41684521338902 1.91346040647477 1.34135167603381 1.37652320787311 0.981512577505782 1.09273130539805 1.27353679668158 1.65576405567117 1.1422846771311 1.40544075099751 1.07417775620706 1.63115946925245 1.01780919823796 1.52226750971749 1.81142949545756 1.16778911044821 1.56649522040971 0.975955234607682 0.973319866461679 1.85830593435094 1.67658890318125 1.31744645000435 1.8839313716162 1.17042083782144
1.19874792965129 0 1.43387359613553 0.944626480806619 1.65679682977498 1.36206686450168 1.42012607725337 1.35391829255968 1.5472074362915 1.67383483657613 1.84840375510976 1.74674053722993 1.26402266323566 1.38733098958619 1.23535742005333 1.44167514005676 1.91812365595251 1.92685423558578 1.34116482804529 1.78792233788408 1.76659552170895 1.87004606053233 1.89104929473251 1.05361469974741 1.59614406176843 1.51838962873444 1.73782503302209 1.90291843353771 1.89723570691422 1.00342074804939
1.13375538308173 1.43387359613553 0 1.88012867211364 1.38993815588765 1.68633757927455 1.56314321258105 1.87074004369788 0.962605211418122 1.18025930318981 1.75318528339267 1.68557038716972 1.86128937127069 1.81814704835415 1.05976467370056 1.18895194679499 1.36215921584517 1.90462342905812 1.74895983655006 1.34922354901209 1.01375448028557 1.8902438825462 1.22610507369973 0.981487452751026 1.85125586250797 1.65667874715291 1.73489573178813 1.12060965737328 1.50242243357934 1.59110665903427
1.2923050345853 0.944626480806619 1.88012867211364 0 1.6408892844338 1.7042260162998 1.92775791417807 1.583735386841 1.2204767789226 1.32260036398657 1.30077861738391 1.37289235298522 1.04606551583856 1.89192698057741 1.16850015823729 1.38712382479571 1.57181871891953 1.14933348959312 1.61731098848395 0.951444234000519 0.949486020486802 1.86455176887102 1.87393943034112 1.81104079145007 1.57342439191416 1.89661344978958 1.07285993755795 1.47909257677384 1.59178736503236 1.44502662331797
1.88918741093948 1.65679682977498 1.38993815588765 1.6408892844338 0 1.4893322782591 1.85174706345424 0.984717285726219 1.56888796691783 1.4907655834686 0.952267098240554 1.14302482991479 1.33861296158284 1.50423326040618 1.23192671104334 1.47232366655953 1.78375057619996 1.14108615764417 1.51327070780098 0.931210801703855 1.73195900931023 0.970024720998481 1.89024396752939 1.41566710127518 1.65099206101149 1.27479847380891 1.83502264204435 1.25792711018585 1.08217766368762 1.01625897688791
1.87289308826439 1.36206686450168 1.68633757927455 1.7042260162998 1.4893322782591 0 1.59045564662665 1.78239470301196 1.4166121201124 1.73580470052548 0.931045615579933 1.04197984281927 1.41870353114791 1.12183144432493 1.29590413440019 1.87642995594069 1.67534995870665 1.51038016681559 1.39744807640091 1.22366926912218 1.25887982128188 1.1751240263693 1.29961841064505 1.28414116287604 1.14205764746293 1.55967178870924 1.07911457004957 1.24408618663438 1.35416688746773 1.71680035814643
1.41684521338902 1.42012607725337 1.56314321258105 1.92775791417807 1.85174706345424 1.59045564662665 0 0.973354372661561 1.1245347536169 0.97090423386544 0.937312651891261 1.06282535102218 0.976573755964637 1.90440570842475 1.78426916035824 1.256116356235 1.20176066737622 1.81434635235928 1.05341789033264 1.03857942251489 1.38791731977835 1.15111936884932 1.02747804089449 1.87358645931818 1.24343421123922 1.67495251027867 1.35289214970544 1.76482243021019 1.5090700276196 1.89381044078618
1.91346040647477 1.35391829255968 1.87074004369788 1.583735386841 0.984717285726219 1.78239470301196 0.973354372661561 0 1.62096122093499 1.15212515345775 1.79456106340513 1.24471972859465 1.50533127458766 1.86087997467257 1.91069374093786 1.15619951253757 1.30256994371302 1.00932678719983 1.45317858573981 1.10944230621681 1.85618749377318 0.966203796444461 1.38568219006993 0.939249039860442 1.8015805745963 1.02977715875022 1.7451168471016 1.7876288567204 1.90091716544703 1.53422735864297
1.34135167603381 1.5472074362915 0.962605211418122 1.2204767789226 1.56888796691783 1.4166121201124 1.1245347536169 1.62096122093499 0 0.993599759414792 1.44948440860026 1.03657534439117 1.4922488508746 1.55938411853276 1.58333211974241 1.86346070538275 1.19898167392239 1.1993935094215 1.21939505310729 1.32265888201073 1.04950144304894 1.86786981206387 0.939645403064787 1.32413076073863 1.85614686785266 0.973912006476894 1.04331471421756 1.59352118126117 1.34765286440961 1.18822213099338
1.37652320787311 1.67383483657613 1.18025930318981 1.32260036398657 1.4907655834686 1.73580470052548 0.97090423386544 1.15212515345775 0.993599759414792 0 1.84464660612866 1.74117762618698 1.33171431696974 1.01614734856412 1.61710391519591 1.74108148785308 1.25407104776241 1.18921922310255 1.26787228300236 1.83783383364789 1.48402870539576 1.43307644990273 1.60076525760815 0.957316690590233 1.05462069669738 1.68312397319824 0.979289554757997 1.0753987391945 1.63279860583134 1.25722173159011
0.981512577505782 1.84840375510976 1.75318528339267 1.30077861738391 0.952267098240554 0.931045615579933 0.937312651891261 1.79456106340513 1.44948440860026 1.84464660612866 0 1.91482689138502 1.18134706886485 1.71884529246017 1.45307861967012 1.42541430774145 1.22502414579503 1.6756797824055 1.92756135761738 1.65311308763921 1.42308906046674 1.57648981036618 1.22798451338895 1.91395395505242 1.69733587256633 1.89254271541722 1.19135501259007 0.968134661205113 1.76175257610157 1.36844391468912
1.09273130539805 1.74674053722993 1.68557038716972 1.37289235298522 1.14302482991479 1.04197984281927 1.06282535102218 1.24471972859465 1.03657534439117 1.74117762618698 1.91482689138502 0 1.32954418566078 1.04929586825892 1.77453406923451 1.2641323718708 1.49296976067126 1.68674904271029 1.22426833771169 1.26720059919171 1.72146578459069 1.6558350326959 1.37056023487821 1.73699331097305 1.49143076292239 1.70922705670819 1.81958597293124 1.56996900308877 1.81733605777845 1.66406820574775
1.27353679668158 1.26402266323566 1.86128937127069 1.04606551583856 1.33861296158284 1.41870353114791 0.976573755964637 1.50533127458766 1.4922488508746 1.33171431696974 1.18134706886485 1.32954418566078 0 1.70396108157001 1.34955130075105 1.60781462443992 1.11746590980329 1.72762734163553 0.936762281460688 1.28509753383696 1.34827989782207 1.24734851298854 1.19991973973811 1.77575286896899 1.13909366284497 1.11075833952054 1.81484523322433 1.02688774839044 0.998417363502085 1.44743213593028
1.65576405567117 1.38733098958619 1.81814704835415 1.89192698057741 1.50423326040618 1.12183144432493 1.90440570842475 1.86087997467257 1.55938411853276 1.01614734856412 1.71884529246017 1.04929586825892 1.70396108157001 0 1.06934531778097 1.45900608506054 1.30307478527538 1.54702880396508 1.57083569583483 1.32109272526577 1.51581819728017 1.05983748706058 1.23967166268267 1.07061926182359 1.33310259925202 1.04071002150886 1.14584452402778 1.57284371950664 1.83048839052208 1.86885356670246
1.1422846771311 1.23535742005333 1.05976467370056 1.16850015823729 1.23192671104334 1.29590413440019 1.78426916035824 1.91069374093786 1.58333211974241 1.61710391519591 1.45307861967012 1.77453406923451 1.34955130075105 1.06934531778097 0 1.65367163694464 0.967210610629991 1.1939201024361 1.38449479802512 1.76103954180144 1.6919060125947 1.18067538784817 1.43490701471455 1.43735184730031 1.17136084102094 1.79584072134458 1.44479408394545 1.45134509564377 1.04206650680862 1.21575775579549
1.40544075099751 1.44167514005676 1.18895194679499 1.38712382479571 1.47232366655953 1.87642995594069 1.256116356235 1.15619951253757 1.86346070538275 1.74108148785308 1.42541430774145 1.2641323718708 1.60781462443992 1.45900608506054 1.65367163694464 0 1.38377279625274 1.54004551214166 1.91222954797558 1.06937424256466 0.930485488846898 1.61242135893553 1.34840318490751 0.970508145168424 1.37243273225613 1.80805017612875 1.8153833237011 1.17109694029205 0.94819139293395 1.64945873362012
1.07417775620706 1.91812365595251 1.36215921584517 1.57181871891953 1.78375057619996 1.67534995870665 1.20176066737622 1.30256994371302 1.19898167392239 1.25407104776241 1.22502414579503 1.49296976067126 1.11746590980329 1.30307478527538 0.967210610629991 1.38377279625274 0 1.86478369915858 1.37322687474079 1.80544073064812 1.8321524169296 1.31679492210969 1.28945143683814 1.4354714085348 1.69390446529724 1.55839505488984 1.84135939041153 1.40227250033058 1.40542160347104 1.05424108891748
1.63115946925245 1.92685423558578 1.90462342905812 1.14933348959312 1.14108615764417 1.51038016681559 1.81434635235928 1.00932678719983 1.1993935094215 1.18921922310255 1.6756797824055 1.68674904271029 1.72762734163553 1.54702880396508 1.1939201024361 1.54004551214166 1.86478369915858 0 1.38317954866216 1.52081321529113 1.74841367569752 1.56288962764665 1.85186898475513 1.56670520175248 1.17729213950224 1.30332697462291 1.59897507564165 1.53360603330657 1.84743525390513 1.05894753965549
1.01780919823796 1.34116482804529 1.74895983655006 1.61731098848395 1.51327070780098 1.39744807640091 1.05341789033264 1.45317858573981 1.21939505310729 1.26787228300236 1.92756135761738 1.22426833771169 0.936762281460688 1.57083569583483 1.38449479802512 1.91222954797558 1.37322687474079 1.38317954866216 0 1.87216334487312 1.3514269317966 1.29127018037252 1.22575585311279 1.38214479200542 1.3222681011539 1.23102474305779 1.2958967902232 1.70815885788761 1.47175292111933 0.934769752901047
1.52226750971749 1.78792233788408 1.34922354901209 0.951444234000519 0.931210801703855 1.22366926912218 1.03857942251489 1.10944230621681 1.32265888201073 1.83783383364789 1.65311308763921 1.26720059919171 1.28509753383696 1.32109272526577 1.76103954180144 1.06937424256466 1.80544073064812 1.52081321529113 1.87216334487312 0 1.61472727917135 1.5760891395621 1.88758963113651 1.48275424167514 1.36715289275162 1.57111271820031 1.55410379171371 1.56292673572898 1.06848293705843 1.73617590777576
1.81142949545756 1.76659552170895 1.01375448028557 0.949486020486802 1.73195900931023 1.25887982128188 1.38791731977835 1.85618749377318 1.04950144304894 1.48402870539576 1.42308906046674 1.72146578459069 1.34827989782207 1.51581819728017 1.6919060125947 0.930485488846898 1.8321524169296 1.74841367569752 1.3514269317966 1.61472727917135 0 1.31999458395876 1.588426905917 1.0935612663161 1.77713965042494 1.55835313443094 1.40956468041986 1.48446631198749 0.984843190293759 1.31100011942908
1.16778911044821 1.87004606053233 1.8902438825462 1.86455176887102 0.970024720998481 1.1751240263693 1.15111936884932 0.966203796444461 1.86786981206387 1.43307644990273 1.57648981036618 1.6558350326959 1.24734851298854 1.05983748706058 1.18067538784817 1.61242135893553 1.31679492210969 1.56288962764665 1.29127018037252 1.5760891395621 1.31999458395876 0 1.60866767074913 1.24020251748152 1.64145281678066 1.92127497005276 1.27573978202417 1.68712687282823 1.55031338497065 1.44977657869458
1.56649522040971 1.89104929473251 1.22610507369973 1.87393943034112 1.89024396752939 1.29961841064505 1.02747804089449 1.38568219006993 0.939645403064787 1.60076525760815 1.22798451338895 1.37056023487821 1.19991973973811 1.23967166268267 1.43490701471455 1.34840318490751 1.28945143683814 1.85186898475513 1.22575585311279 1.88758963113651 1.588426905917 1.60866767074913 0 1.22392932209186 1.29999467497692 1.06936410046183 1.39192311000079 1.30732482811436 1.40118298586458 1.75436748075299
0.975955234607682 1.05361469974741 0.981487452751026 1.81104079145007 1.41566710127518 1.28414116287604 1.87358645931818 0.939249039860442 1.32413076073863 0.957316690590233 1.91395395505242 1.73699331097305 1.77575286896899 1.07061926182359 1.43735184730031 0.970508145168424 1.4354714085348 1.56670520175248 1.38214479200542 1.48275424167514 1.0935612663161 1.24020251748152 1.22392932209186 0 1.50845072627999 1.43967444822192 1.27447801455855 0.945819293847308 1.52174146217294 1.84904297371395
0.973319866461679 1.59614406176843 1.85125586250797 1.57342439191416 1.65099206101149 1.14205764746293 1.24343421123922 1.8015805745963 1.85614686785266 1.05462069669738 1.69733587256633 1.49143076292239 1.13909366284497 1.33310259925202 1.17136084102094 1.37243273225613 1.69390446529724 1.17729213950224 1.3222681011539 1.36715289275162 1.77713965042494 1.64145281678066 1.29999467497692 1.50845072627999 0 1.30385705642402 1.14633516524918 1.82645877962932 1.0648766758386 1.18444693507627
1.85830593435094 1.51838962873444 1.65667874715291 1.89661344978958 1.27479847380891 1.55967178870924 1.67495251027867 1.02977715875022 0.973912006476894 1.68312397319824 1.89254271541722 1.70922705670819 1.11075833952054 1.04071002150886 1.79584072134458 1.80805017612875 1.55839505488984 1.30332697462291 1.23102474305779 1.57111271820031 1.55835313443094 1.92127497005276 1.06936410046183 1.43967444822192 1.30385705642402 0 1.90011635399424 1.37877344456501 1.0218115565367 1.45426101330668
1.67658890318125 1.73782503302209 1.73489573178813 1.07285993755795 1.83502264204435 1.07911457004957 1.35289214970544 1.7451168471016 1.04331471421756 0.979289554757997 1.19135501259007 1.81958597293124 1.81484523322433 1.14584452402778 1.44479408394545 1.8153833237011 1.84135939041153 1.59897507564165 1.2958967902232 1.55410379171371 1.40956468041986 1.27573978202417 1.39192311000079 1.27447801455855 1.14633516524918 1.90011635399424 0 1.47767717344686 0.930641194805503 1.81639734958299
1.31744645000435 1.90291843353771 1.12060965737328 1.47909257677384 1.25792711018585 1.24408618663438 1.76482243021019 1.7876288567204 1.59352118126117 1.0753987391945 0.968134661205113 1.56996900308877 1.02688774839044 1.57284371950664 1.45134509564377 1.17109694029205 1.40227250033058 1.53360603330657 1.70815885788761 1.56292673572898 1.48446631198749 1.68712687282823 1.30732482811436 0.945819293847308 1.82645877962932 1.37877344456501 1.47767717344686 0 1.79489802825265 1.44409974431619
1.8839313716162 1.89723570691422 1.50242243357934 1.59178736503236 1.08217766368762 1.35416688746773 1.5090700276196 1.90091716544703 1.34765286440961 1.63279860583134 1.76175257610157 1.81733605777845 0.998417363502085 1.83048839052208 1.04206650680862 0.94819139293395 1.40542160347104 1.84743525390513 1.47175292111933 1.06848293705843 0.984843190293759 1.55031338497065 1.40118298586458 1.52174146217294 1.0648766758386 1.0218115565367 0.930641194805503 1.79489802825265 0 1.82771481340751
1.17042083782144 1.00342074804939 1.59110665903427 1.44502662331797 1.01625897688791 1.71680035814643 1.89381044078618 1.53422735864297 1.18822213099338 1.25722173159011 1.36844391468912 1.66406820574775 1.44743213593028 1.86885356670246 1.21575775579549 1.64945873362012 1.05424108891748 1.05894753965549 0.934769752901047 1.73617590777576 1.31100011942908 1.44977657869458 1.75436748075299 1.84904297371395 1.18444693507627 1.45426101330668 1.81639734958299 1.44409974431619 1.82771481340751 0
