0 1.63094496889971 1.39852740615606 1.89237652299926 1.72724452172406 1.18444485054351 1.25455217435956 1.36454159975983 1.81505523319356 1.15771304024383 1.82829224108718 1.28376731206663 1.29889460327104 1.24025418306701 1.33724830835126 1.03458280209452 1.42052707797848 1.39651001803577 1.9066300180275 1.846880214056 1.71218567225151 1.81023454875685 1.74170829425566 1.64141695434228 1.80512727191672 1.85934289474972 1.93671463360079 1.11850918689743 1.43054348952137 1.27768300916068
1.63094496889971 0 0.97281907685101 1.12183946068399 1.74196019489318 1.78346918453462 1.47093365690671 1.12519754003733 1.71898981998675 1.00939477584325 1.21419882914051 1.43161299987696 1.39196744607762 1.22497642715462 1.73317229887471 1.1341602166649 1.51654643798247 1.40860982821323 1.50375310447998 1.86780871869996 1.60650208056904 1.4631345521193 1.81419309764169 1.74141080095433 1.95395016064867 1.39780093054287 1.81505100359209 1.16581666865386 1.77138924086466 1.03195747500286
1.39852740615606 0.97281907685101 0 1.79180709458888 1.94362757517956 1.65921721677296 0.969072526786476 1.35862871911377 1.85342239867896 1.5999029756058 1.32281316467561 1.17814850131981 1.82408988196403 1.88855667761527 1.86442527058534 1.60706172836944 1.65772829740308 1.70250206836499 1.39799863146618 1.72758259274997 1.38212328380905 1.53757683187723 1.1451464984566 1.191079295706 0.981131083797663 1.76736115152016 1.67432958609425 0.972807162441313 1.72545840684325 1.60088998521678
1.89237652299926 1.12183946068399 1.79180709458888 0 1.77490787650459 1.96092771203257 1.8352989142295 1.27149534109049 1.04128483613022 1.90344951627776 1.51607338525355 1.7375818786677 1.88026295974851 1.80067458329722 1.07343159546144 1.71115892962553 1.91606170963496 1.30483471928164 1.90252975351177 1.53258257545531 1.00168416998349 1.48862194200046 1.32331097894348 1.49363492056727 1.84297913056798 1.35703003592789 0.983462948119268 1.86321946815588 1.19520878395997 1.86023880867288
1.72724452172406 1.74196019489318 1.94362757517956 1.77490787650459 0 1.88000972056761 1.81100017228164 1.53022566414438 1.65717610460706 1.58159072999842 1.94864033907652 1.79510964290239 1.81316510844044 1.17160565289669 1.0318533286918 1.65241591120139 1.44729726854712 1.90446673496626 1.31117696431465 1.5206292506773 1.46289603202604 1.79485538881272 1.82847079681233 1.06549934833311 1.04005779139698 1.42447432666086 1.7051431722939 1.06197967706248 1.75817772652954 1.94752694410272
1.18444485054351 1.78346918453462 1.65921721677296 1.96092771203257 1.88000972056761 0 1.44010054436512 1.75825121835805 1.65360908955336 1.62430415605195 1.75995352049358 1.12977436254732 1.36525176232681 1.09012355864979 1.29585575591773 1.13060690788552 1.69335970887914 1.519471260719 1.21502938983031 1.70671650627628 1.28357499931008 1.30540250637569 1.10702137812041 1.76196607598104 1.11025496618822 1.01056525716558 1.96135435672477 1.88731794990599 1.34804157214239 1.38102081720717
1.25455217435956 1.47093365690671 0.969072526786476 1.8352989142295 1.81100017228164 1.44010054436512 0 1.65592310554348 1.64186390908435 1.63951127510518 1.81489665200934 1.85372045566328 1.40937952348031 1.81204278022051 1.91150982049294 1.624683982227 1.15564436325803 1.06732525327243 1.65476592304185 1.63845822354779 1.21776464860886 1.27172426623292 1.68670683354139 1.26073057367466 1.12212334759533 1.31393406703137 1.10063956049271 1.094593383139 1.33907654136419 1.74464825098403
1.36454159975983 1.12519754003733 1.35862871911377 1.27149534109049 1.53022566414438 1.75825121835805 1.65592310554348 0 0.986871629254892 1.09793486609124 0.975624553859234 1.33259826432914 1.08426317106932 1.62956514488906 1.43311205133796 1.68560392595828 1.67684359592386 1.2406992779579 1.73212815402076 1.90431793010794 1.65556670469232 1.80439128004946 1.75536982365884 1.22757878527045 1.18797015561722 1.20037374645472 1.84430769900791 1.66405012551695 1.54929400491528 1.58466975437477
1.81505523319356 1.71898981998675 1.85342239867896 1.04128483613022 1.65717610460706 1.65360908955336 1.64186390908435 0.986871629254892 0 1.56100202165544 0.995317070744932 1.51330485264771 1.30942313699052 1.0862594936043 1.71305096824653 1.91760405129753 1.24736640020274 1.43545959261246 1.3108290953096 1.58786348649301 1.78671196941286 1.03005362232216 1.49562747543678 1.73558844882064 1.64324820809998 1.81453994428739 1.48612797120586 1.27295956667513 1.8097680201754 1.62503654463217
1.15771304024383 1.00939477584325 1.5999029756058 1.90344951627776 1.58159072999842 1.62430415605195 1.63951127510518 1.09793486609124 1.56100202165544 0 1.24771005404182 1.4261262298096 1.12544507859275 1.76139374403283 1.8492398369126 1.08294691890478 1.42328148521483 1.95294985873625 1.83653257507831 1.84105155616999 1.41872231010348 1.12905372516252 1.62195176118985 0.995761330006644 1.40058302995749 1.85456558666192 1.54393984377384 1.2416046988219 1.89508323767222 1.90156186255626
1.82829224108718 1.21419882914051 1.32281316467561 1.51607338525355 1.94864033907652 1.75995352049358 1.81489665200934 0.975624553859234 0.995317070744932 1.24771005404182 0 0.98289064783603 1.93851314252242 1.84588846471161 1.45706248166971 1.49604110303335 1.31032868009061 1.4374058728572 1.17008723574691 1.25896426173858 1.95370165654458 1.29758865316398 1.57080243667588 1.10558605147526 1.58264400647022 1.34312216821127 1.21550543024205 1.75688716536388 1.58517068414949 1.87474218034185
1.28376731206663 1.43161299987696 1.17814850131981 1.7375818786677 1.79510964290239 1.12977436254732 1.85372045566328 1.33259826432914 1.51330485264771 1.4261262298096 0.98289064783603 0 1.38567946478724 1.72388295410201 1.125128562795 1.60355108906515 1.69704297953285 1.19835903635249 1.6903494715225 1.78449096996337 1.75067872158252 1.44361569359899 1.94918877864257 1.69697949546389 1.24931633542292 1.63878970756195 1.05038501112722 1.94301874586381 0.977664342150092 1.56612168881111
1.29889460327104 1.39196744607762 1.82408988196403 1.88026295974851 1.81316510844044 1.36525176232681 1.40937952348031 1.08426317106932 1.30942313699052 1.12544507859275 1.93851314252242 1.38567946478724 0 1.01536728464998 1.7186967744492 1.89524350780994 1.8668899408076 1.49615421984345 0.97118468163535 1.59772018366493 1.31828998494893 1.19315980980173 1.0007343206089 1.38126054522581 1.66427474841475 1.35760660422966 1.91038489737548 1.06737674027681 1.26440468337387 1.42800428252667
1.24025418306701 1.22497642715462 1.88855667761527 1.80067458329722 1.17160565289669 1.09012355864979 1.81204278022051 1.62956514488906 1.0862594936043 1.76139374403283 1.84588846471161 1.72388295410201 1.01536728464998 0 1.19082905491814 1.05864489916712 1.79680931288749 1.78708429634571 1.76754789124243 1.8603961262852 1.28692880109884 1.91084708529525 1.82106840168126 1.08882295479998 1.25573626998812 1.74358928878792 1.55045177182183 1.9219161150977 1.9197214259766 1.08168744621798
1.33724830835126 1.73317229887471 1.86442527058534 1.07343159546144 1.0318533286918 1.29585575591773 1.91150982049294 1.43311205133796 1.71305096824653 1.8492398369126 1.45706248166971 1.125128562795 1.7186967744492 1.19082905491814 0 1.4940879761707 1.57903295336291 1.57141477614641 1.02397351688705 1.20321569824591 1.33504414791241 1.54063973692246 1.61955799604766 1.04109958535992 1.73932024673559 1.3142295461148 1.8583609983325 1.37131962063722 1.79721291735768 1.80797856510617
1.03458280209452 1.1341602166649 1.60706172836944 1.71115892962553 1.65241591120139 1.13060690788552 1.624683982227 1.68560392595828 1.91760405129753 1.08294691890478 1.49604110303335 1.60355108906515 1.89524350780994 1.05864489916712 1.4940879761707 0 1.79850286245346 0.97585810883902 1.84169728308916 1.07360447570682 1.17659485968761 1.90167924901471 1.34422290208749 1.66745713120326 1.53857662738301 1.61948644835502 1.04805458849296 1.66723162471317 1.35322819347493 1.21857769461349
1.42052707797848 1.51654643798247 1.65772829740308 1.91606170963496 1.44729726854712 1.69335970887914 1.15564436325803 1.67684359592386 1.24736640020274 1.42328148521483 1.31032868009061 1.69704297953285 1.8668899408076 1.79680931288749 1.57903295336291 1.79850286245346 0 1.57909219781868 1.73957697674632 1.31198166683316 1.50835401983932 1.45359572814777 1.1492664613761 1.27291537821293 1.38031499786302 1.47044950607233 1.78527978993952 1.30544927529991 1.61771508911625 1.82792338961735
1.39651001803577 1.40860982821323 1.70250206836499 1.30483471928164 1.90446673496626 1.519471260719 1.06732525327243 1.2406992779579 1.43545959261246 1.95294985873625 1.4374058728572 1.19835903635249 1.49615421984345 1.78708429634571 1.57141477614641 0.97585810883902 1.57909219781868 0 1.22166247083806 1.38593740342185 1.37743787723593 1.8225337471813 1.51451088045724 1.65824084472843 1.09624322294258 1.30894385022111 1.4292402244173 1.81056500365958 1.43890480091795 1.26287967409007
1.9066300180275 1.50375310447998 1.39799863146618 1.90252975351177 1.31117696431465 1.21502938983031 1.65476592304185 1.73212815402076 1.3108290953096 1.83653257507831 1.17008723574691 1.6903494715225 0.97118468163535 1.76754789124243 1.02397351688705 1.84169728308916 1.73957697674632 1.22166247083806 0 1.76232206798159 1.56532187084667 1.48888784646988 1.76737299514934 1.5948972760234 1.187991671497 1.26378543069586 1.94913115515374 1.0622404825408 1.60909528867342 1.95661202329211
1.846880214056 1.86780871869996 1.72758259274997 1.53258257545531 1.5206292506773 1.70671650627628 1.63845822354779 1.90431793010794 1.58786348649301 1.84105155616999 1.25896426173858 1.78449096996337 1.59772018366493 1.8603961262852 1.20321569824591 1.07360447570682 1.31198166683316 1.38593740342185 1.76232206798159 0 0.985588328912854 1.08054431551136 1.57809126353823 1.93155037797987 1.21361986477859 1.57362063834444 1.77652881341055 1.60663886065595 1.87539742002264 1.84517155447975
1.71218567225151 1.60650208056904 1.38212328380905 1.00168416998349 1.46289603202604 1.28357499931008 1.21776464860886 1.65556670469232 1.78671196941286 1.41872231010348 1.95370165654458 1.75067872158252 1.31828998494893 1.28692880109884 1.33504414791241 1.17659485968761 1.50835401983932 1.37743787723593 1.56532187084667 0.985588328912854 0 1.5473646260798 1.55822035251185 1.77377499174327 0.99286249303259 1.78103535016999 1.26666470081545 1.28733479161747 1.96183720277622 1.24346428364515
1.81023454875685 1.4631345521193 1.53757683187723 1.48862194200046 1.79485538881272 1.30540250637569 1.27172426623292 1.80439128004946 1.03005362232216 1.12905372516252 1.29758865316398 1.44361569359899 1.19315980980173 1.91084708529525 1.54063973692246 1.90167924901471 1.45359572814777 1.8225337471813 1.48888784646988 1.08054431551136 1.5473646260798 0 1.59459204878658 1.58651933120564 1.45260674552992 1.61694418499246 1.48281885799952 1.16381543432362 1.81691017607227 1.0431830920279
1.74170829425566 1.81419309764169 1.1451464984566 1.32331097894348 1.82847079681233 1.10702137812041 1.68670683354139 1.75536982365884 1.49562747543678 1.62195176118985 1.57080243667588 1.94918877864257 1.0007343206089 1.82106840168126 1.61955799604766 1.34422290208749 1.1492664613761 1.51451088045724 1.76737299514934 1.57809126353823 1.55822035251185 1.59459204878658 0 1.5329398936592 1.79916506097652 1.65461505856365 1.85158357769251 1.29081080202013 1.56039210385643 1.76631141942926
1.64141695434228 1.74141080095433 1.191079295706 1.49363492056727 1.06549934833311 1.76196607598104 1.26073057367466 1.22757878527045 1.73558844882064 0.995761330006644 1.10558605147526 1.69697949546389 1.38126054522581 1.08882295479998 1.04109958535992 1.66745713120326 1.27291537821293 1.65824084472843 1.5948972760234 1.93155037797987 1.77377499174327 1.58651933120564 1.5329398936592 0 0.987278958316892 1.45865409914404 1.52503694198094 1.96187872765586 1.23728302447125 1.56336869648658
1.80512727191672 1.95395016064867 0.981131083797663 1.84297913056798 1.04005779139698 1.11025496618822 1.12212334759533 1.18797015561722 1.64324820809998 1.40058302995749 1.58264400647022 1.24931633542292 1.66427474841475 1.25573626998812 1.73932024673559 1.53857662738301 1.38031499786302 1.09624322294258 1.187991671497 1.21361986477859 0.99286249303259 1.45260674552992 1.79916506097652 0.987278958316892 0 1.31405241880566 1.04418240953237 1.0689027858898 1.85111783700995 1.00298568536527
1.85934289474972 1.39780093054287 1.76736115152016 1.35703003592789 1.42447432666086 1.01056525716558 1.31393406703137 1.20037374645472 1.81453994428739 1.85456558666192 1.34312216821127 1.63878970756195 1.35760660422966 1.74358928878792 1.3142295461148 1.61948644835502 1.47044950607233 1.30894385022111 1.26378543069586 1.57362063834444 1.78103535016999 1.61694418499246 1.65461505856365 1.45865409914404 1.31405241880566 0 1.80587633652613 1.35139012476429 1.09854342928156 1.39140201942064
1.93671463360079 1.81505100359209 1.67432958609425 0.983462948119268 1.7051431722939 1.96135435672477 1.10063956049271 1.84430769900791 1.48612797120586 1.54393984377384 1.21550543024205 1.05038501112722 1.91038489737548 1.55045177182183 1.8583609983325 1.04805458849296 1.78527978993952 1.4292402244173 1.94913115515374 1.77652881341055 1.26666470081545 1.48281885799952 1.85158357769251 1.52503694198094 1.04418240953237 1.80587633652613 0 1.92427826207131 1.74604108720087 1.27967409230769
1.11850918689743 1.16581666865386 0.972807162441313 1.86321946815588 1.06197967706248 1.88731794990599 1.094593383139 1.66405012551695 1.27295956667513 1.2416046988219 1.75688716536388 1.94301874586381 1.06737674027681 1.9219161150977 1.37131962063722 1.66723162471317 1.30544927529991 1.81056500365958 1.0622404825408 1.60663886065595 1.28733479161747 1.16381543432362 1.29081080202013 1.96187872765586 1.0689027858898 1.35139012476429 1.92427826207131 0 1.46530478051864 1.83549506007694
1.43054348952137 1.77138924086466 1.72545840684325 1.19520878395997 1.75817772652954 1.34804157214239 1.33907654136419 1.54929400491528 1.8097680201754 1.89508323767222 1.58517068414949 0.977664342150092 1.26440468337387 1.9197214259766 1.79721291735768 1.35322819347493 1.61771508911625 1.43890480091795 1.60909528867342 1.87539742002264 1.96183720277622 1.81691017607227 1.56039210385643 1.23728302447125 1.85111783700995 1.09854342928156 1.74604108720087 1.46530478051864 0 1.65588212548755
1.27768300916068 1.03195747500286 1.60088998521678 1.86023880867288 1.94752694410272 1.38102081720717 1.74464825098403 1.58466975437477 1.62503654463217 1.90156186255626 1.87474218034185 1.56612168881111 1.42800428252667 1.08168744621798 1.80797856510617 1.21857769461349 1.82792338961735 1.26287967409007 1.95661202329211 1.84517155447975 1.24346428364515 1.0431830920279 1.76631141942926 1.56336869648658 1.00298568536527 1.39140201942064 1.27967409230769 1.83549506007694 1.65588212548755 0
