0 1.34102866589092 0.894464532379061 1.51235994906165 1.79973006877117 0.897019875003025 1.67694022459909 1.77700075181201 1.27777701034211 1.13194067566656 1.06769925472327 0.948271102737635 1.78772060386837 1.39111679350026 1.03513219999149 1.0106044143904 1.35856274352409 1.67563604051247 1.49593484797515 1.45433207927272 0.999184279469773 1.00704523827881 0.869089834624901 1.5278618321754 1.20670781726949 1.57137831719592 1.8533419216983 0.870350814657286 1.21791966864839 1.35412805969827
1.34102866589092 0 1.09515741490759 1.6176922833547 1.04723522020504 1.50405678967945 1.84857155289501 1.31430432433262 1.60483180987649 1.69390572374687 1.10638102469966 1.28208822058514 1.38279183022678 1.73753447947092 1.81678539374843 1.39478187332861 1.77967178984545 1.19354173843749 1.41669920715503 1.03726635430939 1.77492819400504 1.05765281314962 1.30873420415446 1.53510499000549 1.02384018478915 1.02938714018092 1.01196311716922 1.09434894169681 0.988025579368696 1.64147023297846
0.894464532379061 1.09515741490759 0 1.33177455887198 1.11588497855701 1.57574172806926 1.53452135110274 1.74372453568503 1.5705964693334 0.983487623510882 0.955737121170387 1.29123313422315 0.969866749132052 1.25441120774485 1.42940510716289 1.01500068930909 1.83175541856326 1.52761528617702 1.69616925856099 0.90754185221158 1.08306280616671 1.38486976898275 1.48296091076918 1.83633759478107 1.79113994841464 1.15799997770227 1.62790848175064 1.12835733639076 1.73732039076276 1.09711521188729
1.51235994906165 1.6176922833547 1.33177455887198 0 1.63217480154708 1.70588466478512 1.59723937488161 1.01858268468641 1.3289644906763 1.2047785713803 1.07622074452229 1.28440169501118 1.67709884257056 1.2387422088068 1.2515522793401 1.17265175539069 1.00717868143693 1.18611346860416 1.72691022930667 1.63572079711594 0.987361964536831 1.31005504657514 1.55617412086576 1.23822606890462 1.69464934780262 1.67723017930984 1.31360759725794 1.40211388492025 1.52322286600247 1.37308555026539
1.79973006877117 1.04723522020504 1.11588497855701 1.63217480154708 0 1.1905044449959 1.11920475936495 1.80200971732847 1.65435404703021 1.24943735636771 1.54618330253288 1.37220962787978 1.51307088020258 1.11506167403422 1.2356572910212 1.76832771091722 1.67093207570724 1.11280838842504 0.98346650111489 1.69662366248667 0.901017758296803 1.64535743300803 1.01537101226859 1.02399859181605 1.82189144310541 1.37090997304767 1.37123417505063 0.984649438178167 1.69700552034192 1.59091605199501
0.897019875003025 1.50405678967945 1.57574172806926 1.70588466478512 1.1905044449959 0 1.70620953128673 1.29712416371331 1.51233087829314 1.2406904080417 1.81433724844828 0.881711869500577 0.936190423322842 1.22683176072314 1.05028627137654 1.60003007063642 1.27713365992531 0.9264503614977 1.20206063892692 1.58786396612413 1.09552278835326 1.69112535682507 0.946159819606692 1.66826348099858 1.64451758190989 1.51579622365534 1.10394750116393 1.7418595852796 1.60569188301452 1.25584260979667
1.67694022459909 1.84857155289501 1.53452135110274 1.59723937488161 1.11920475936495 1.70620953128673 0 1.74182064062916 1.84465105715208 1.56051413016394 1.22822049213573 1.33592436509207 1.09850066411309 1.05933808069676 1.19895077729598 1.05336208175868 0.92419832572341 1.83617604360916 1.07208537659608 1.45727356756106 1.44425618625246 0.940650939475745 1.28639921103604 1.86168152745813 1.46672857063822 1.48140536271967 1.64895529882051 1.53517877613194 1.43781501869671 1.1974503013771
1.77700075181201 1.31430432433262 1.74372453568503 1.01858268468641 1.80200971732847 1.29712416371331 1.74182064062916 0 0.926447966136038 1.64068504516035 1.81896769860759 0.945038517238572 1.21275080507621 0.94101347355172 1.17202441766858 1.21384165179916 1.33372290153056 1.31089582946151 1.37967094522901 0.90331408707425 1.77299355575815 1.8573275951203 1.41710154223256 1.13372679264285 1.01354094874114 1.14378817379475 1.70923678576946 1.14633019734174 1.85071702371351 1.57294438197277
1.27777701034211 1.60483180987649 1.5705964693334 1.3289644906763 1.65435404703021 1.51233087829314 1.84465105715208 0.926447966136038 0 1.30280589219183 0.911787192802876 1.75778980692849 1.1829497392755 1.50560280773789 1.83389299619012 1.44672495056875 1.45754157355987 1.27342607220635 1.80326300906017 0.877822414739057 1.30125052994117 1.52213438809849 1.6595599942375 1.45749135292135 1.13957260083407 1.35091432183981 0.950674653286114 1.1841657559853 1.12025130516849 1.01419838727452
1.13194067566656 1.69390572374687 0.983487623510882 1.2047785713803 1.24943735636771 1.2406904080417 1.56051413016394 1.64068504516035 1.30280589219183 0 1.54959931410849 0.943244472844526 1.38022937113419 1.69310582824983 1.55342628667131 1.03544350829907 1.45469470578246 1.58454954088666 1.29447936499491 1.73477855417877 1.55343135725707 0.881654886994511 0.92900605709292 1.64167720568366 1.34123156475835 1.69240464200266 1.67722175945528 1.83489346154965 1.14596137823537 1.69472946040332
1.06769925472327 1.10638102469966 0.955737121170387 1.07622074452229 1.54618330253288 1.81433724844828 1.22822049213573 1.81896769860759 0.911787192802876 1.54959931410849 0 1.43614609888755 1.22017928445712 1.53889268473722 1.14674540329725 0.903761545661837 1.45700987917371 1.36166540323757 0.95792214339599 1.76885781344026 1.17858830047771 1.34757108939812 1.58651710744016 1.00801930972375 1.53997617494315 1.70229363185354 1.09884820645675 1.72403522999957 1.00100894924253 1.21901744417846
0.948271102737635 1.28208822058514 1.29123313422315 1.28440169501118 1.37220962787978 0.881711869500577 1.33592436509207 0.945038517238572 1.75778980692849 0.943244472844526 1.43614609888755 0 1.60830288683064 1.47425142279826 1.35467985807918 0.878549264511093 1.25989848631434 1.33764188620262 1.63400534144603 1.71072945534252 1.37804372771643 1.68910221359693 1.70784677565098 1.82065999624319 1.41675576544367 1.38877214747481 1.39913222519681 1.09090031147934 1.17535457573831 1.67304629809223
1.78772060386837 1.38279183022678 0.969866749132052 1.67709884257056 1.51307088020258 0.936190423322842 1.09850066411309 1.21275080507621 1.1829497392755 1.38022937113419 1.22017928445712 1.60830288683064 0 1.35801356495358 1.70238978252746 1.18700140109286 0.965204801876098 1.26302512991242 1.30348305939697 1.48312572482973 1.38433973211795 1.79240986076184 0.971161964349449 1.60038902238011 1.12578260782175 1.84279499878176 1.0581526288297 1.08764371625148 1.37969929073006 1.73107895208523
1.39111679350026 1.73753447947092 1.25441120774485 1.2387422088068 1.11506167403422 1.22683176072314 1.05933808069676 0.94101347355172 1.50560280773789 1.69310582824983 1.53889268473722 1.47425142279826 1.35801356495358 0 1.21023201849312 1.64679414127022 1.59521329659037 0.906230670632794 1.14754347829148 1.78402431984432 0.946667223237455 1.37542667915113 1.66109313140623 1.24346951255575 1.58795393025503 1.8270039120689 1.78933866950683 1.63568677706644 1.56174574885517 1.09587541408837
1.03513219999149 1.81678539374843 1.42940510716289 1.2515522793401 1.2356572910212 1.05028627137654 1.19895077729598 1.17202441766858 1.83389299619012 1.55342628667131 1.14674540329725 1.35467985807918 1.70238978252746 1.21023201849312 0 1.19210647582076 1.78025714424439 1.28161820257083 1.46860509272665 1.25183833390474 1.67980062495917 1.38875962607563 1.7217086921446 0.955799854360521 0.973231534473598 1.51543628331274 1.51581946364604 1.37186268717051 1.44964673183858 1.19614917947911
1.0106044143904 1.39478187332861 1.01500068930909 1.17265175539069 1.76832771091722 1.60003007063642 1.05336208175868 1.21384165179916 1.44672495056875 1.03544350829907 0.903761545661837 0.878549264511093 1.18700140109286 1.64679414127022 1.19210647582076 0 1.05795721034519 1.75254439329728 1.53658973029815 1.57955286744982 1.33159168576822 1.55222880351357 0.864192508393899 1.71911148680374 1.59503054921515 1.49847474088892 1.22945283376612 0.935578040080145 1.29444410582073 1.68527178233489
1.35856274352409 1.77967178984545 1.83175541856326 1.00717868143693 1.67093207570724 1.27713365992531 0.92419832572341 1.33372290153056 1.45754157355987 1.45469470578246 1.45700987917371 1.25989848631434 0.965204801876098 1.59521329659037 1.78025714424439 1.05795721034519 0 1.51433245022781 1.86146768811159 1.24895648146048 1.30720582185313 1.3945439804811 1.69555009901524 1.47041151928715 1.4633565666154 0.877590196905658 1.14943443774246 1.38658442278393 0.902369320159778 1.22932254592888
1.67563604051247 1.19354173843749 1.52761528617702 1.18611346860416 1.11280838842504 0.9264503614977 1.83617604360916 1.31089582946151 1.27342607220635 1.58454954088666 1.36166540323757 1.33764188620262 1.26302512991242 0.906230670632794 1.28161820257083 1.75254439329728 1.51433245022781 0 1.46190832881257 1.40918306424282 1.83550035301596 1.10848906752653 0.939011471811682 1.50164642836899 1.40735737001523 1.59615681087598 1.65347156394273 1.06296967854723 1.73331550625153 1.6839442527853
1.49593484797515 1.41669920715503 1.69616925856099 1.72691022930667 0.98346650111489 1.20206063892692 1.07208537659608 1.37967094522901 1.80326300906017 1.29447936499491 0.95792214339599 1.63400534144603 1.30348305939697 1.14754347829148 1.46860509272665 1.53658973029815 1.86146768811159 1.46190832881257 0 1.39175708941184 1.18441769341007 0.983401289908215 1.74997847247869 1.3623911505565 1.72969793598168 1.65306284883991 1.1229441894684 1.29511582176201 1.03863897267729 1.01477683987468
1.45433207927272 1.03726635430939 0.90754185221158 1.63572079711594 1.69662366248667 1.58786396612413 1.45727356756106 0.90331408707425 0.877822414739057 1.73477855417877 1.76885781344026 1.71072945534252 1.48312572482973 1.78402431984432 1.25183833390474 1.57955286744982 1.24895648146048 1.40918306424282 1.39175708941184 0 1.17289070249535 1.71440035314299 1.04500833689235 1.35306289629079 1.709806824103 0.986969254910946 1.06125769997016 1.21106612519361 1.72401838633232 1.1630654623732
0.999184279469773 1.77492819400504 1.08306280616671 0.987361964536831 0.901017758296803 1.09552278835326 1.44425618625246 1.77299355575815 1.30125052994117 1.55343135725707 1.17858830047771 1.37804372771643 1.38433973211795 0.946667223237455 1.67980062495917 1.33159168576822 1.30720582185313 1.83550035301596 1.18441769341007 1.17289070249535 0 1.83106653322466 0.924333018716425 1.63476112228818 1.18833695095964 1.40504957269877 1.13588287495077 1.78914355696179 0.965553275076672 1.75184338423423
1.00704523827881 1.05765281314962 1.38486976898275 1.31005504657514 1.64535743300803 1.69112535682507 0.940650939475745 1.8573275951203 1.52213438809849 0.881654886994511 1.34757108939812 1.68910221359693 1.79240986076184 1.37542667915113 1.38875962607563 1.55222880351357 1.3945439804811 1.10848906752653 0.983401289908215 1.71440035314299 1.83106653322466 0 1.2067563328892 1.57771889050491 1.83019036869518 1.10338418115862 0.98070583306253 1.13537225569598 1.06089513609186 1.19974105712026
0.869089834624901 1.30873420415446 1.48296091076918 1.55617412086576 1.01537101226859 0.946159819606692 1.28639921103604 1.41710154223256 1.6595599942375 0.92900605709292 1.58651710744016 1.70784677565098 0.971161964349449 1.66109313140623 1.7217086921446 0.864192508393899 1.69555009901524 0.939011471811682 1.74997847247869 1.04500833689235 0.924333018716425 1.2067563328892 0 0.914840788580477 0.930480141192675 1.85658905864693 1.44605009746738 1.55000302335247 0.871310587273911 1.24148925323971
1.5278618321754 1.53510499000549 1.83633759478107 1.23822606890462 1.02399859181605 1.66826348099858 1.86168152745813 1.13372679264285 1.45749135292135 1.64167720568366 1.00801930972375 1.82065999624319 1.60038902238011 1.24346951255575 0.955799854360521 1.71911148680374 1.47041151928715 1.50164642836899 1.3623911505565 1.35306289629079 1.63476112228818 1.57771889050491 0.914840788580477 0 1.42156782653183 1.24619056005031 1.1859386973083 1.25074570113793 0.953054356621578 1.6815815041773
1.20670781726949 1.02384018478915 1.79113994841464 1.69464934780262 1.82189144310541 1.64451758190989 1.46672857063822 1.01354094874114 1.13957260083407 1.34123156475835 1.53997617494315 1.41675576544367 1.12578260782175 1.58795393025503 0.973231534473598 1.59503054921515 1.4633565666154 1.40735737001523 1.72969793598168 1.709806824103 1.18833695095964 1.83019036869518 0.930480141192675 1.42156782653183 0 1.81816658377647 1.03818007558584 1.62061654566787 1.523301492678 0.877564939903095
1.57137831719592 1.02938714018092 1.15799997770227 1.67723017930984 1.37090997304767 1.51579622365534 1.48140536271967 1.14378817379475 1.35091432183981 1.69240464200266 1.70229363185354 1.38877214747481 1.84279499878176 1.8270039120689 1.51543628331274 1.49847474088892 0.877590196905658 1.59615681087598 1.65306284883991 0.986969254910946 1.40504957269877 1.10338418115862 1.85658905864693 1.24619056005031 1.81816658377647 0 1.60125087574124 0.9609028713312 1.32511297450401 1.46291772089899
1.8533419216983 1.01196311716922 1.62790848175064 1.31360759725794 1.37123417505063 1.10394750116393 1.64895529882051 1.70923678576946 0.950674653286114 1.67722175945528 1.09884820645675 1.39913222519681 1.0581526288297 1.78933866950683 1.51581946364604 1.22945283376612 1.14943443774246 1.65347156394273 1.1229441894684 1.06125769997016 1.13588287495077 0.98070583306253 1.44605009746738 1.1859386973083 1.03818007558584 1.60125087574124 0 1.30483758449554 1.72789364075288 1.40664041694254
0.870350814657286 1.09434894169681 1.12835733639076 1.40211388492025 0.984649438178167 1.7418595852796 1.53517877613194 1.14633019734174 1.1841657559853 1.83489346154965 1.72403522999957 1.09090031147934 1.08764371625148 1.63568677706644 1.37186268717051 0.935578040080145 1.38658442278393 1.06296967854723 1.29511582176201 1.21106612519361 1.78914355696179 1.13537225569598 1.55000302335247 1.25074570113793 1.62061654566787 0.9609028713312 1.30483758449554 0 1.72882217611186 1.52933689882047
1.21791966864839 0.988025579368696 1.73732039076276 1.52322286600247 1.69700552034192 1.60569188301452 1.43781501869671 1.85071702371351 1.12025130516849 1.14596137823537 1.00100894924253 1.17535457573831 1.37969929073006 1.56174574885517 1.44964673183858 1.29444410582073 0.902369320159778 1.73331550625153 1.03863897267729 1.72401838633232 0.965553275076672 1.06089513609186 0.871310587273911 0.953054356621578 1.523301492678 1.32511297450401 1.72789364075288 1.72882217611186 0 1.30418433458544
1.35412805969827 1.64147023297846 1.09711521188729 1.37308555026539 1.59091605199501 1.25584260979667 1.1974503013771 1.57294438197277 1.01419838727452 1.69472946040332 1.21901744417846 1.67304629809223 1.73107895208523 1.09587541408837 1.19614917947911 1.68527178233489 1.22932254592888 1.6839442527853 1.01477683987468 1.1630654623732 1.75184338423423 1.19974105712026 1.24148925323971 1.6815815041773 0.877564939903095 1.46291772089899 1.40664041694254 1.52933689882047 1.30418433458544 0
