0 1.06508658267558 1.71153013780713 1.4593258225359 1.3083206594456 1.48614707752131 1.71021263767034 1.8826040555723 1.85369288711809 1.4449391993694 1.21389601309784 1.73692324291915 1.88154577324167 1.54760375758633 1.80462022614665 1.33282472705469 1.39746309723705 0.963882955024019 1.62820769823156 1.53327397000976 1.13074741116725 1.21558867371641 1.40593384439126 1.29318705084734 1.3090504987631 1.89351204922423 1.13625432318076 1.58036744897254 1.65047556557693 1.73371734283864
1.06508658267558 0 1.49051290098578 1.60874075163156 1.06238202843815 1.81309439498 1.28143791505136 0.968798042275012 0.919055689591914 1.54383746115491 0.959222135366872 1.04189908108674 0.982666900614277 0.979017394827679 1.39372904971242 1.53124718577601 1.63896142225713 1.20214939722791 1.84417049307376 1.0383949521929 1.412017819006 1.84890174865723 1.09055739408359 1.06442008865997 1.73336294456385 1.60450816201046 1.11664978670888 1.16865588887595 1.74522456340492 1.23772903368808
1.71153013780713 1.49051290098578 0 1.66866621258669 0.922114324290305 1.84318623458967 1.37509929132648 0.96698371344246 0.933902176097035 1.88566319923848 1.68068010336719 1.60965036088601 1.17492974735796 1.58573753316887 1.23001437680796 1.2706861696206 1.16394339571707 0.983304843539372 1.51619643322192 0.993911924306303 1.07453839364462 1.3536236602813 0.915264819283038 1.34394962899387 1.65048079541884 1.51959203835577 1.19630311056972 1.39133036881685 1.56247916654684 1.56944248173386
1.4593258225359 1.60874075163156 1.66866621258669 0 1.85585339507088 1.01508673233911 1.69567812280729 1.48947817692533 1.02822028636001 1.61070089344867 1.61268480285071 1.10589675977826 1.49997372506186 1.05727958423086 0.935887887375429 1.42658132617362 1.68656618078239 1.59441792475991 1.24609671393409 1.63770508067682 1.31145924748853 1.88583153462969 1.2097103910055 1.75361922965385 1.52869615633972 1.72427602834068 1.88618584698997 1.83124821586534 1.48371507436968 0.956141158472747
1.3083206594456 1.06238202843815 0.922114324290305 1.85585339507088 0 1.8520338460803 0.933085429714993 1.5126863042824 1.31105802464299 1.50392642337829 1.3648485718295 1.75689578428864 1.62371827964671 1.28776830178685 1.31708629988134 1.27239266643301 1.21038465155289 1.83833097526804 1.07555556250736 1.41451880917884 1.03606879967265 1.12488026707433 1.58788763382472 1.39921759278513 1.53614074946381 1.57753177220002 1.49656001944095 1.52145559573546 1.4639542826917 1.89928804128431
1.48614707752131 1.81309439498 1.84318623458967 1.01508673233911 1.8520338460803 0 1.22478800849058 1.75264424830675 1.43856619950384 1.80592771619558 1.0734341123607 1.72780556185171 1.77514454908669 1.15197441773489 1.47524770535529 1.58768748492002 0.987615727353841 1.4667934444733 1.69471973343752 1.72997192246839 1.62419629585929 1.86107615544461 1.75301988213323 1.1237435771618 1.68677916796878 1.40571649931371 1.19396158400923 1.67635642294772 1.47521018027328 0.937410904560238
1.71021263767034 1.28143791505136 1.37509929132648 1.69567812280729 0.933085429714993 1.22478800849058 0 1.12149749626406 1.1934769465588 1.51145816664211 1.34244727552868 0.994822971988469 1.19256627443247 1.83285100851208 1.4428092695307 1.06694542383775 1.87834285991266 1.78159174066968 1.33003539755009 1.68069443013519 1.3171030303929 1.5416048662737 1.55505493888631 1.29506528703496 1.89643410686404 1.64380988921039 1.65890065114945 1.04275766597129 1.08209562674165 1.27374900621362
1.8826040555723 0.968798042275012 0.96698371344246 1.48947817692533 1.5126863042824 1.75264424830675 1.12149749626406 0 1.78892427217215 1.66558278026059 1.43350563873537 1.19779117894359 1.87669529672712 1.47840822790749 1.60954660107382 1.06210801657289 1.83121722307988 0.918721100548282 1.16600961750373 1.81371894013137 0.921680848114192 1.43371291621588 0.964732467662543 1.29294537217356 1.31653622561134 1.23024958767928 1.38734856550582 1.63750691642053 1.33662060392089 1.6678547533229
1.85369288711809 0.919055689591914 0.933902176097035 1.02822028636001 1.31105802464299 1.43856619950384 1.1934769465588 1.78892427217215 0 1.08988368837163 1.40795426163822 1.53379487828352 1.42638233443722 1.37381539773196 0.929688703501597 1.04467727686279 1.680141573539 0.961152454605326 1.28757282951847 1.03924161125906 1.61644250457175 1.17323126480915 1.17932155611925 1.1484436118044 1.19117695558816 1.70879257330671 1.57364431675524 1.24122668127529 1.172758809058 1.73288170830347
1.4449391993694 1.54383746115491 1.88566319923848 1.61070089344867 1.50392642337829 1.80592771619558 1.51145816664211 1.66558278026059 1.08988368837163 0 1.85996396490373 1.19219212559983 1.76209320221096 1.59392325906083 1.70972238737158 1.19470135145821 1.55985983670689 0.953244969248772 1.47544215293601 1.42396016884595 1.27789688506164 1.50933065405115 1.9043760264758 1.78513392410241 1.75643010204658 1.35769661632366 1.36468738364056 0.978586687706411 1.69992660777643 1.80454091401771
1.21389601309784 0.959222135366872 1.68068010336719 1.61268480285071 1.3648485718295 1.0734341123607 1.34244727552868 1.43350563873537 1.40795426163822 1.85996396490373 0 1.46860581589863 1.43376421625726 1.52091663703322 1.1880777424667 1.58743560896255 0.933322780299932 1.05742984893732 1.28952035680413 1.21719733322971 1.55743544222787 1.78098270692863 1.22404125379398 1.27055849111639 1.44215774093755 1.19498473010026 1.46436247159727 1.77059988887049 1.2615670231171 1.74916123738512
1.73692324291915 1.04189908108674 1.60965036088601 1.10589675977826 1.75689578428864 1.72780556185171 0.994822971988469 1.19779117894359 1.53379487828352 1.19219212559983 1.46860581589863 0 0.997905363794416 1.10720844357274 1.09818084887229 1.67297302465886 1.56728065712377 1.18674471415579 1.67801014822908 1.65161173976958 1.05278196767904 1.10373356821947 1.57669896888547 1.20132674626075 1.25090710935183 1.83016188698821 0.926388608757406 1.13700786139816 0.955467676976696 1.84652922861278
1.88154577324167 0.982666900614277 1.17492974735796 1.49997372506186 1.62371827964671 1.77514454908669 1.19256627443247 1.87669529672712 1.42638233443722 1.76209320221096 1.43376421625726 0.997905363794416 0 1.13320040772669 1.59809639747255 1.01419795677066 1.18503801710904 1.6325287616346 1.76803519530222 1.14420639304444 1.68872912274674 1.16172603564337 1.4448220722843 1.72550242929719 1.05460141436197 1.53146326565184 1.30384880700149 1.85458653746173 1.3933958648704 1.84258845029399
1.54760375758633 0.979017394827679 1.58573753316887 1.05727958423086 1.28776830178685 1.15197441773489 1.83285100851208 1.47840822790749 1.37381539773196 1.59392325906083 1.52091663703322 1.10720844357274 1.13320040772669 0 1.46809957921505 0.964224070543423 1.4999664190691 1.43529473152012 1.54334535053931 1.46091195452027 1.08357189386152 1.84039815887809 0.959064197493717 1.32954580243677 1.00820616423152 1.11737834173255 1.87769527244382 0.953456740127876 1.489495879272 1.57314490922727
1.80462022614665 1.39372904971242 1.23001437680796 0.935887887375429 1.31708629988134 1.47524770535529 1.4428092695307 1.60954660107382 0.929688703501597 1.70972238737158 1.1880777424667 1.09818084887229 1.59809639747255 1.46809957921505 0 1.47896219789982 1.60112761333585 1.81753181666136 1.62490615970455 1.25229656230658 1.58814988378435 1.4290515249595 1.66083436412737 1.60644619259983 1.2892633411102 1.74528401088901 1.53462011204101 1.15864897659048 1.82302171667106 1.06152483075857
1.33282472705469 1.53124718577601 1.2706861696206 1.42658132617362 1.27239266643301 1.58768748492002 1.06694542383775 1.06210801657289 1.04467727686279 1.19470135145821 1.58743560896255 1.67297302465886 1.01419795677066 0.964224070543423 1.47896219789982 0 0.933732335222885 1.39251208840869 1.73909505014308 1.6497332197614 1.5069378502667 1.83115575928241 1.55455414252356 1.10337984282523 1.81421664869413 1.34201058722101 0.968746130121872 1.22825229843147 1.5286359610036 1.49414169066586
1.39746309723705 1.63896142225713 1.16394339571707 1.68656618078239 1.21038465155289 0.987615727353841 1.87834285991266 1.83121722307988 1.680141573539 1.55985983670689 0.933322780299932 1.56728065712377 1.18503801710904 1.4999664190691 1.60112761333585 0.933732335222885 0 1.73006346309558 1.69878082280047 1.55855664447881 0.936188385123387 1.28350843931548 1.84518902795389 1.13405643031001 1.6219401198905 1.12788574094884 1.44770176336169 1.46279068849981 0.916394563857466 1.58589370781556
0.963882955024019 1.20214939722791 0.983304843539372 1.59441792475991 1.83833097526804 1.4667934444733 1.78159174066968 0.918721100548282 0.961152454605326 0.953244969248772 1.05742984893732 1.18674471415579 1.6325287616346 1.43529473152012 1.81753181666136 1.39251208840869 1.73006346309558 0 1.87197435786948 1.4979456004221 1.40871796174906 1.15305355913006 1.43047388270497 1.12029806803912 0.98087030579336 1.50185919622891 1.29557314980775 1.2516808253713 1.27822675229982 1.8085493997205
1.62820769823156 1.84417049307376 1.51619643322192 1.24609671393409 1.07555556250736 1.69471973343752 1.33003539755009 1.16600961750373 1.28757282951847 1.47544215293601 1.28952035680413 1.67801014822908 1.76803519530222 1.54334535053931 1.62490615970455 1.73909505014308 1.69878082280047 1.87197435786948 0 1.33395434403792 1.13470558240078 1.40925471042283 1.24945893348195 1.29816288291477 0.998090755194426 1.36512535670772 1.59513040701859 0.912123158806935 1.23637597309425 1.64569044392556
1.53327397000976 1.0383949521929 0.993911924306303 1.63770508067682 1.41451880917884 1.72997192246839 1.68069443013519 1.81371894013137 1.03924161125906 1.42396016884595 1.21719733322971 1.65161173976958 1.14420639304444 1.46091195452027 1.25229656230658 1.6497332197614 1.55855664447881 1.4979456004221 1.33395434403792 0 1.9059934259858 1.52912923134863 1.90255446825176 0.911438059527427 1.58079829136841 1.43901863088831 0.98681926750578 1.60219183983281 1.02165936375968 1.24784203339368
1.13074741116725 1.412017819006 1.07453839364462 1.31145924748853 1.03606879967265 1.62419629585929 1.3171030303929 0.921680848114192 1.61644250457175 1.27789688506164 1.55743544222787 1.05278196767904 1.68872912274674 1.08357189386152 1.58814988378435 1.5069378502667 0.936188385123387 1.40871796174906 1.13470558240078 1.9059934259858 0 1.55448508658446 1.56441047391854 1.03110591857694 1.20105631882325 1.17000098433346 1.35817521763965 1.5146983335726 1.84331763163209 1.18432347755879
1.21558867371641 1.84890174865723 1.3536236602813 1.88583153462969 1.12488026707433 1.86107615544461 1.5416048662737 1.43371291621588 1.17323126480915 1.50933065405115 1.78098270692863 1.10373356821947 1.16172603564337 1.84039815887809 1.4290515249595 1.83115575928241 1.28350843931548 1.15305355913006 1.40925471042283 1.52912923134863 1.55448508658446 0 1.32869023294188 1.30528135201894 1.88476003473625 0.972469215514138 1.32522378629074 1.48774891882204 1.55361806950532 1.52046967484057
1.40593384439126 1.09055739408359 0.915264819283038 1.2097103910055 1.58788763382472 1.75301988213323 1.55505493888631 0.964732467662543 1.17932155611925 1.9043760264758 1.22404125379398 1.57669896888547 1.4448220722843 0.959064197493717 1.66083436412737 1.55455414252356 1.84518902795389 1.43047388270497 1.24945893348195 1.90255446825176 1.56441047391854 1.32869023294188 0 1.37143605644815 1.57228221558034 1.09887108183466 1.43716060766019 1.37486769165844 1.14174062549137 1.32884368859231
1.29318705084734 1.06442008865997 1.34394962899387 1.75361922965385 1.39921759278513 1.1237435771618 1.29506528703496 1.29294537217356 1.1484436118044 1.78513392410241 1.27055849111639 1.20132674626075 1.72550242929719 1.32954580243677 1.60644619259983 1.10337984282523 1.13405643031001 1.12029806803912 1.29816288291477 0.911438059527427 1.03110591857694 1.30528135201894 1.37143605644815 0 1.85468192235567 1.39665482589044 1.42077429243363 1.74143023486249 1.20962987840176 1.36020067171194
1.3090504987631 1.73336294456385 1.65048079541884 1.52869615633972 1.53614074946381 1.68677916796878 1.89643410686404 1.31653622561134 1.19117695558816 1.75643010204658 1.44215774093755 1.25090710935183 1.05460141436197 1.00820616423152 1.2892633411102 1.81421664869413 1.6219401198905 0.98087030579336 0.998090755194426 1.58079829136841 1.20105631882325 1.88476003473625 1.57228221558034 1.85468192235567 0 1.10640640254132 1.8370140758343 1.89540631812997 1.70308764558285 1.42602456361055
1.89351204922423 1.60450816201046 1.51959203835577 1.72427602834068 1.57753177220002 1.40571649931371 1.64380988921039 1.23024958767928 1.70879257330671 1.35769661632366 1.19498473010026 1.83016188698821 1.53146326565184 1.11737834173255 1.74528401088901 1.34201058722101 1.12788574094884 1.50185919622891 1.36512535670772 1.43901863088831 1.17000098433346 0.972469215514138 1.09887108183466 1.39665482589044 1.10640640254132 0 1.83679480920546 1.36537732393481 1.10881697083823 0.934584822971374
1.13625432318076 1.11664978670888 1.19630311056972 1.88618584698997 1.49656001944095 1.19396158400923 1.65890065114945 1.38734856550582 1.57364431675524 1.36468738364056 1.46436247159727 0.926388608757406 1.30384880700149 1.87769527244382 1.53462011204101 0.968746130121872 1.44770176336169 1.29557314980775 1.59513040701859 0.98681926750578 1.35817521763965 1.32522378629074 1.43716060766019 1.42077429243363 1.8370140758343 1.83679480920546 0 1.70342731289566 1.22918524942361 1.01187219843268
1.58036744897254 1.16865588887595 1.39133036881685 1.83124821586534 1.52145559573546 1.67635642294772 1.04275766597129 1.63750691642053 1.24122668127529 0.978586687706411 1.77059988887049 1.13700786139816 1.85458653746173 0.953456740127876 1.15864897659048 1.22825229843147 1.46279068849981 1.2516808253713 0.912123158806935 1.60219183983281 1.5146983335726 1.48774891882204 1.37486769165844 1.74143023486249 1.89540631812997 1.36537732393481 1.70342731289566 0 1.17935440945439 1.83441780041903
1.65047556557693 1.74522456340492 1.56247916654684 1.48371507436968 1.4639542826917 1.47521018027328 1.08209562674165 1.33662060392089 1.172758809058 1.69992660777643 1.2615670231171 0.955467676976696 1.3933958648704 1.489495879272 1.82302171667106 1.5286359610036 0.916394563857466 1.27822675229982 1.23637597309425 1.02165936375968 1.84331763163209 1.55361806950532 1.14174062549137 1.20962987840176 1.70308764558285 1.10881697083823 1.22918524942361 1.17935440945439 0 1.63420999748632
1.73371734283864 1.23772903368808 1.56944248173386 0.956141158472747 1.89928804128431 0.937410904560238 1.27374900621362 1.6678547533229 1.73288170830347 1.80454091401771 1.74916123738512 1.84652922861278 1.84258845029399 1.57314490922727 1.06152483075857 1.49414169066586 1.58589370781556 1.8085493997205 1.64569044392556 1.24784203339368 1.18432347755879 1.52046967484057 1.32884368859231 1.36020067171194 1.42602456361055 0.934584822971374 1.01187219843268 1.83441780041903 1.63420999748632 0
