0 1.75382663472556 1.75553349801339 1.7148080302868 1.86292706569657 1.66906217392534 1.57829468650743 1.36646917811595 1.52172835497186 1.66555860778317 1.1274486288894 1.11701910896227 1.88917579245754 1.30493416008539 1.09156497102231 1.75770294875838 1.32071394310333 1.19604519102722 1.5613087664824 1.18493512296118 1.23225392750464 1.21704666176811 1.18134629842825 1.87673990614712 1.65285248029977 1.10770139796659 1.83788058231585 1.3941923729144 1.82752470648848 1.06375398556702
1.75382663472556 0 1.48547370149754 1.16389897908084 1.28409049334005 1.17074702167884 1.1163056048099 1.04432482202537 0.940328817814589 1.07229220471345 1.88825016003102 1.55859154788777 1.59019080223516 1.91709234751761 1.25631799199618 1.46750883990899 1.15275642671622 1.59733456326649 1.1332641383633 1.38417757186107 1.44888612255454 1.60552335693501 1.44155828119256 1.13474041945301 1.37948019080795 0.974883573595434 1.76438031927682 1.70848260982893 1.74500036216341 1.61450753896497
1.75553349801339 1.48547370149754 0 1.5536897093989 1.91915037995204 1.881924016634 1.09652891778387 1.53598407027312 1.12935939454474 1.26553445542231 1.65830398001708 1.03389039030299 1.22687971009873 0.958560242084786 1.0372613335494 1.68585158581845 1.15549514535815 1.32647492014803 0.980494125979021 1.83698938717134 1.32897901954129 0.938973848009482 1.86817945330404 1.84909094125032 1.88926149951294 1.40167608903721 1.51530469441786 1.33771062246524 1.03099285089411 1.45381705276668
1.7148080302868 1.16389897908084 1.5536897093989 0 1.82904365495779 1.82597339199856 1.90599085972644 1.64591518091038 1.37038533575833 1.57344004022889 1.22324934252538 1.09689624514431 1.79268303094432 1.54344448680058 1.13284600968473 1.51562404702418 1.14956247177906 1.78762540989555 1.11675959592685 1.53195918025449 1.46729872818105 1.31577589339577 1.27785510802642 1.53219124022871 0.939959790324792 1.11071319738403 1.00892331264913 1.42358318669721 1.5813110426534 1.84119284152985
1.86292706569657 1.28409049334005 1.91915037995204 1.82904365495779 0 1.3803151936736 1.70187766919844 1.04239759407938 1.06361467856914 1.61190038314089 1.54881380544975 1.26013689977117 1.30776273901574 1.32568953651935 1.83324129413813 1.74067942611873 1.1914707373362 1.14688485814258 1.57627762970515 1.10576626262628 1.43095667543821 1.49437625845894 0.945399267598987 1.87227387726307 1.09706510184333 1.0972700631246 1.02735210862011 1.5289147242438 1.89671777072363 1.85406629368663
1.66906217392534 1.17074702167884 1.881924016634 1.82597339199856 1.3803151936736 0 1.28601978626102 1.8820801184047 1.70609442028217 1.32736491668038 1.78074338892475 1.41930885007605 0.939885504310951 1.0228213169612 1.73439137917012 1.27227806742303 1.19459241931327 1.14412902970798 1.2278187808115 1.02787323179655 1.69857401470654 0.94295016862452 1.85347525333054 1.43171009095386 1.08630415610969 1.33142748218961 1.48777965153567 1.0484054912813 1.26264180405997 1.5088616842404
1.57829468650743 1.1163056048099 1.09652891778387 1.90599085972644 1.70187766919844 1.28601978626102 0 1.73348645563237 0.943247100804001 1.82777478313074 1.33114651497453 1.67747083259746 1.83114883606322 1.51371087832376 1.02389001194388 1.74876070558093 1.26494607632048 1.32228507404216 1.03161737183109 0.954605769598857 0.950134804006666 1.79728803946637 1.48458236991428 0.978016474284232 1.09892897051759 1.68089202139527 1.88076725346036 1.75188895827159 1.18584074405953 1.40564407547936
1.36646917811595 1.04432482202537 1.53598407027312 1.64591518091038 1.04239759407938 1.8820801184047 1.73348645563237 0 1.83027755399235 1.75146995228715 1.11018201266415 1.6996223370079 1.27209994965233 1.6387229275424 1.80581987719052 1.54399991594255 1.25693812733516 1.57531251525506 1.12947244569659 1.43222330044955 1.50380979059264 1.55551239452325 1.15263892896473 1.89140218310058 1.30134851438925 1.87792693544179 1.32682710234076 1.18068237183616 1.03823273000307 0.968290298478678
1.52172835497186 0.940328817814589 1.12935939454474 1.37038533575833 1.06361467856914 1.70609442028217 0.943247100804001 1.83027755399235 0 1.73024431732483 1.41507018357515 1.91509453440085 1.22320990427397 1.11642314610071 1.16187926963903 1.00181634048931 1.07030955632217 1.34892545035109 1.59876185934991 1.77390628866851 1.37778167892247 1.56708890991285 0.94940583081916 1.49878330924548 1.52051676088013 1.35113796894439 1.15832389169373 1.35955485794693 1.63417567219585 1.89799357671291
1.66555860778317 1.07229220471345 1.26553445542231 1.57344004022889 1.61190038314089 1.32736491668038 1.82777478313074 1.75146995228715 1.73024431732483 0 0.992608269676566 1.80705545051023 1.03568158322014 1.31567559624091 1.81410703668371 1.53544192900881 1.39667315408587 1.56671582185663 1.82411431660876 0.952506205067039 0.946120250504464 1.31467103678733 1.76354788476601 1.92781399330124 0.951867905911058 1.3992796598468 1.5619327777531 1.62037153868005 0.980281377444044 1.56078994018026
1.1274486288894 1.88825016003102 1.65830398001708 1.22324934252538 1.54881380544975 1.78074338892475 1.33114651497453 1.11018201266415 1.41507018357515 0.992608269676566 0 0.947762630647048 1.1566332008224 1.24180720001459 1.9063508391846 1.70825686189346 1.59022570215166 1.84845512406901 1.53434309666045 1.20436821412295 1.13999463804066 1.2953253434971 1.53471211018041 1.28086693305522 1.17545149335638 1.31885485351086 1.40556691912934 0.942420760868117 1.25386513513513 1.08396789454855
1.11701910896227 1.55859154788777 1.03389039030299 1.09689624514431 1.26013689977117 1.41930885007605 1.67747083259746 1.6996223370079 1.91509453440085 1.80705545051023 0.947762630647048 0 1.31336653418839 1.80441677314229 1.33327515446581 1.69055895856582 1.7270231784787 1.15493812109344 1.70630368078128 1.13675532420166 1.30640416732058 1.70475276582874 1.85984443826601 1.76323430426419 1.6554828863591 1.06304088328034 1.35378062399104 1.68574614566751 1.37675560591742 1.03963941358961
1.88917579245754 1.59019080223516 1.22687971009873 1.79268303094432 1.30776273901574 0.939885504310951 1.83114883606322 1.27209994965233 1.22320990427397 1.03568158322014 1.1566332008224 1.31336653418839 0 1.45905299088918 1.26025874493644 1.15478672063909 1.53393998905085 1.19969948707148 1.4222211567685 1.69793610833585 1.44362850510515 1.04958845418878 1.78539198148064 1.04134954814799 1.03124240390025 1.44899018388242 1.4516695458442 1.47497582691722 1.04930767952465 1.57894594967365
1.30493416008539 1.91709234751761 0.958560242084786 1.54344448680058 1.32568953651935 1.0228213169612 1.51371087832376 1.6387229275424 1.11642314610071 1.31567559624091 1.24180720001459 1.80441677314229 1.45905299088918 0 1.53312029223889 1.8802105342038 1.84929314698093 1.23556507076137 1.45712811080739 1.86035971064121 1.78586670500226 1.11750757880509 1.81134165683761 1.48433805489913 1.23045264696702 1.58247149712406 1.46709548402578 0.953167547471821 1.81866800994612 1.79799556685612
1.09156497102231 1.25631799199618 1.0372613335494 1.13284600968473 1.83324129413813 1.73439137917012 1.02389001194388 1.80581987719052 1.16187926963903 1.81410703668371 1.9063508391846 1.33327515446581 1.26025874493644 1.53312029223889 0 1.30434065591544 1.89780611987226 1.76029389444739 1.41245124349371 1.22319218376651 1.55714310705662 1.46969100623392 1.27125463169068 1.15934063843451 1.34504563757218 1.33678602566943 1.57227403274737 1.82196616241708 1.86351070879027 1.21311899391003
1.75770294875838 1.46750883990899 1.68585158581845 1.51562404702418 1.74067942611873 1.27227806742303 1.74876070558093 1.54399991594255 1.00181634048931 1.53544192900881 1.70825686189346 1.69055895856582 1.15478672063909 1.8802105342038 1.30434065591544 0 1.89848281466402 1.77131915604696 0.96564289717935 1.8339650190901 0.95196051732637 1.00450540240854 1.53927494026721 1.58011330058798 1.72878255182877 1.10088058933616 1.80279527464882 1.89007578743622 1.4993372829631 1.31238936539739
1.32071394310333 1.15275642671622 1.15549514535815 1.14956247177906 1.1914707373362 1.19459241931327 1.26494607632048 1.25693812733516 1.07030955632217 1.39667315408587 1.59022570215166 1.7270231784787 1.53393998905085 1.84929314698093 1.89780611987226 1.89848281466402 0 1.16877736151218 1.76657375809737 1.10556259588338 1.68347585340962 1.32074124389328 1.67351186042652 1.43171259993687 1.78845709189773 1.12860141834244 1.33286472130567 1.5785245008301 1.60255430219695 1.87316348939203
1.19604519102722 1.59733456326649 1.32647492014803 1.78762540989555 1.14688485814258 1.14412902970798 1.32228507404216 1.57531251525506 1.34892545035109 1.56671582185663 1.84845512406901 1.15493812109344 1.19969948707148 1.23556507076137 1.76029389444739 1.77131915604696 1.16877736151218 0 1.52641717600636 1.78945414954796 1.41346845473163 1.63635270576924 1.86640752526 1.35329537093639 0.951344351982698 1.52646423969418 1.39816605416127 1.09920779941604 1.49147973814979 1.66773125017062
1.5613087664824 1.1332641383633 0.980494125979021 1.11675959592685 1.57627762970515 1.2278187808115 1.03161737183109 1.12947244569659 1.59876185934991 1.82411431660876 1.53434309666045 1.70630368078128 1.4222211567685 1.45712811080739 1.41245124349371 0.96564289717935 1.76657375809737 1.52641717600636 0 1.04276031022891 1.24915487738326 1.6266093829181 1.16938125342131 1.83211337565444 0.987928021233529 1.28444383363239 1.25928529025987 0.960119796684012 1.62649431452155 1.46408927254379
1.18493512296118 1.38417757186107 1.83698938717134 1.53195918025449 1.10576626262628 1.02787323179655 0.954605769598857 1.43222330044955 1.77390628866851 0.952506205067039 1.20436821412295 1.13675532420166 1.69793610833585 1.86035971064121 1.22319218376651 1.8339650190901 1.10556259588338 1.78945414954796 1.04276031022891 0 1.66114448197186 1.51023616385646 1.28156739170663 1.04663547337987 0.966120793949813 1.62316507496871 1.15077363629825 1.07732116687112 1.31127851177007 1.5161983773578
1.23225392750464 1.44888612255454 1.32897901954129 1.46729872818105 1.43095667543821 1.69857401470654 0.950134804006666 1.50380979059264 1.37778167892247 0.946120250504464 1.13999463804066 1.30640416732058 1.44362850510515 1.78586670500226 1.55714310705662 0.95196051732637 1.68347585340962 1.41346845473163 1.24915487738326 1.66114448197186 0 1.1179257677868 1.83135581761599 1.12924907682464 1.61164537467994 1.45410627592355 1.75470497109927 1.19281750917435 1.53260789602064 1.89107263111509
1.21704666176811 1.60552335693501 0.938973848009482 1.31577589339577 1.49437625845894 0.94295016862452 1.79728803946637 1.55551239452325 1.56708890991285 1.31467103678733 1.2953253434971 1.70475276582874 1.04958845418878 1.11750757880509 1.46969100623392 1.00450540240854 1.32074124389328 1.63635270576924 1.6266093829181 1.51023616385646 1.1179257677868 0 1.38044547499157 1.19846435566433 1.88799051311798 1.3297435673885 1.09008476068266 1.52739687729627 1.08359163976274 0.950699402950704
1.18134629842825 1.44155828119256 1.86817945330404 1.27785510802642 0.945399267598987 1.85347525333054 1.48458236991428 1.15263892896473 0.94940583081916 1.76354788476601 1.53471211018041 1.85984443826601 1.78539198148064 1.81134165683761 1.27125463169068 1.53927494026721 1.67351186042652 1.86640752526 1.16938125342131 1.28156739170663 1.83135581761599 1.38044547499157 0 1.50577050400898 1.41525887604803 1.12501232814975 1.88256533094682 0.987451571505517 1.14851179439574 1.13558248686604
1.87673990614712 1.13474041945301 1.84909094125032 1.53219124022871 1.87227387726307 1.43171009095386 0.978016474284232 1.89140218310058 1.49878330924548 1.92781399330124 1.28086693305522 1.76323430426419 1.04134954814799 1.48433805489913 1.15934063843451 1.58011330058798 1.43171259993687 1.35329537093639 1.83211337565444 1.04663547337987 1.12924907682464 1.19846435566433 1.50577050400898 0 1.40361592709087 0.964618179481477 1.16959182173014 1.37533627729863 1.28523388365284 1.74908334598877
1.65285248029977 1.37948019080795 1.88926149951294 0.939959790324792 1.09706510184333 1.08630415610969 1.09892897051759 1.30134851438925 1.52051676088013 0.951867905911058 1.17545149335638 1.6554828863591 1.03124240390025 1.23045264696702 1.34504563757218 1.72878255182877 1.78845709189773 0.951344351982698 0.987928021233529 0.966120793949813 1.61164537467994 1.88799051311798 1.41525887604803 1.40361592709087 0 1.93593334942125 1.22478730464354 1.32878688513301 0.970116443699226 1.34054160350934
1.10770139796659 0.974883573595434 1.40167608903721 1.11071319738403 1.0972700631246 1.33142748218961 1.68089202139527 1.87792693544179 1.35113796894439 1.3992796598468 1.31885485351086 1.06304088328034 1.44899018388242 1.58247149712406 1.33678602566943 1.10088058933616 1.12860141834244 1.52646423969418 1.28444383363239 1.62316507496871 1.45410627592355 1.3297435673885 1.12501232814975 0.964618179481477 1.93593334942125 0 1.93071996839717 1.56016620318405 1.6110691993963 1.77339792321436
1.83788058231585 1.76438031927682 1.51530469441786 1.00892331264913 1.02735210862011 1.48777965153567 1.88076725346036 1.32682710234076 1.15832389169373 1.5619327777531 1.40556691912934 1.35378062399104 1.4516695458442 1.46709548402578 1.57227403274737 1.80279527464882 1.33286472130567 1.39816605416127 1.25928529025987 1.15077363629825 1.75470497109927 1.09008476068266 1.88256533094682 1.16959182173014 1.22478730464354 1.93071996839717 0 1.07654219469987 1.67606414179318 1.27661457890645
1.3941923729144 1.70848260982893 1.33771062246524 1.42358318669721 1.5289147242438 1.0484054912813 1.75188895827159 1.18068237183616 1.35955485794693 1.62037153868005 0.942420760868117 1.68574614566751 1.47497582691722 0.953167547471821 1.82196616241708 1.89007578743622 1.5785245008301 1.09920779941604 0.960119796684012 1.07732116687112 1.19281750917435 1.52739687729627 0.987451571505517 1.37533627729863 1.32878688513301 1.56016620318405 1.07654219469987 0 1.56387250544503 1.60018968209624
1.82752470648848 1.74500036216341 1.03099285089411 1.5813110426534 1.89671777072363 1.26264180405997 1.18584074405953 1.03823273000307 1.63417567219585 0.980281377444044 1.25386513513513 1.37675560591742 1.04930767952465 1.81866800994612 1.86351070879027 1.4993372829631 1.60255430219695 1.49147973814979 1.62649431452155 1.31127851177007 1.53260789602064 1.08359163976274 1.14851179439574 1.28523388365284 0.970116443699226 1.6110691993963 1.67606414179318 1.56387250544503 0 1.75871476973407
1.06375398556702 1.61450753896497 1.45381705276668 1.84119284152985 1.85406629368663 1.5088616842404 1.40564407547936 0.968290298478678 1.89799357671291 1.56078994018026 1.08396789454855 1.03963941358961 1.57894594967365 1.79799556685612 1.21311899391003 1.31238936539739 1.87316348939203 1.66773125017062 1.46408927254379 1.5161983773578 1.89107263111509 0.950699402950704 1.13558248686604 1.74908334598877 1.34054160350934 1.77339792321436 1.27661457890645 1.60018968209624 1.75871476973407 0
