0 1.54035483906046 1.11237116367556 1.72934988630004 1.37524850154296 1.92610040307045 1.0525618691463 1.55476285540499 1.00597044103779 1.63878298434429 1.86856195423752 1.34898008522578 1.69128569215536 1.14608405530453 1.62864175112918 1.75883747939952 1.66873759496957 1.38037397596054 1.13499819207937 1.56129121920094 1.44119585957378 1.02026434941217 1.49559873272665 1.59634955157526 1.34128415957093 1.00244041765109 1.17248123534955 1.68826194526628 0.966479676775634 1.08172509027645
1.54035483906046 0 1.53170893155038 1.29400814394467 1.55486776935868 1.56892913742922 1.08161316695623 1.01812429865822 1.73854764876887 1.0965206513647 1.22804770315997 1.4694483440835 1.38854827545583 1.77061692695133 1.33409838564694 1.78503676154651 1.93261794163845 1.3014033511281 1.01169438753277 0.953341477783397 1.77385920053348 1.34373630443588 1.0374835242983 1.69772048247978 1.38079637545161 1.25139124388807 1.53385953558609 1.89990198612213 1.28585538011976 1.14720359654166
1.11237116367556 1.53170893155038 0 1.79974386561662 1.60298690502532 1.77454401855357 1.26081593264826 1.51642153412104 1.59753315523267 1.7368698681239 1.24206009623595 1.60537908924744 1.46272899000905 1.86110981553793 1.71410106308758 1.17563082976267 1.28416170668788 1.52605978841893 1.68906869948842 1.57566934963688 1.22032671445049 1.69853451964445 1.33522654836997 0.966822939459234 1.36001340812072 1.6887241541408 1.89380988129415 1.36460237693973 1.61398164927959 1.45607291185297
1.72934988630004 1.29400814394467 1.79974386561662 0 1.35854753083549 1.49584445054643 1.45822922326624 1.18110621650703 1.89735295530409 1.76877262815833 1.1524869306013 1.81590764806606 0.955199509859085 1.68683387595229 1.20252222847193 1.25939883245155 1.84182287333533 1.56014587031677 1.60871500568464 1.4549519396387 1.80615712935105 1.86738610942848 1.42433783668093 0.950022458797321 1.82123435218818 1.35217340779491 1.00032268324867 1.62805727077648 1.3211923269555 1.30577430734411
1.37524850154296 1.55486776935868 1.60298690502532 1.35854753083549 0 1.00983107532375 1.03257437748834 1.37413635733537 1.45084274886176 1.02789126848802 1.31770347501151 1.83589871390723 1.08333851280622 1.22821586416103 1.57839347282425 1.0982728197705 1.22444367245771 1.38478463934734 1.08124688174576 1.70083693927154 1.92061618482694 1.21261395607144 1.28461583005264 1.62911024061032 1.02116656559519 1.63875132519752 1.28057199413888 1.69453811063431 0.962029516231269 1.70297193480656
1.92610040307045 1.56892913742922 1.77454401855357 1.49584445054643 1.00983107532375 0 0.987144445767626 1.89734502206556 1.44401040067896 1.9468271851074 1.70278855599463 1.5703952263575 1.85485735931434 1.37300353497267 1.04966425988823 1.84923366853036 1.28298673476093 1.58586926548742 1.19941201619804 0.994474947452545 1.24338349094614 1.59661122458056 1.88003888959065 1.82184800785035 1.39261648547836 1.7142963251099 1.31032770872116 1.78865408827551 1.89961567777209 1.29958286974579
1.0525618691463 1.08161316695623 1.26081593264826 1.45822922326624 1.03257437748834 0.987144445767626 0 1.82093799090944 1.23878376511857 1.02518210071139 1.21096053812653 1.53996546729468 1.30583439953625 0.993958910228685 1.74664785340428 1.65369325107895 1.08673229301348 1.90093282377347 1.34256331599317 1.93413098482415 1.77303580660373 1.34909934271127 1.42014818801545 1.39393027708866 0.981682486832142 0.96069589164108 1.25770013011061 1.02063383487985 0.988805970177054 1.21906141377985
1.55476285540499 1.01812429865822 1.51642153412104 1.18110621650703 1.37413635733537 1.89734502206556 1.82093799090944 0 1.51417310303077 1.48534110607579 1.85483057820238 1.34464366687462 1.94017037190497 1.67444067355245 1.19620293006301 1.57833627401851 1.86800070060417 0.979403289733455 1.30633443407714 1.05843184958212 1.40533695742488 1.00228678947315 1.34831689135171 1.68215031106956 1.23682721122168 1.31328629842028 1.40502781304531 1.52946673426777 1.13451460236683 1.47111148945987
1.00597044103779 1.73854764876887 1.59753315523267 1.89735295530409 1.45084274886176 1.44401040067896 1.23878376511857 1.51417310303077 0 1.6634144440759 1.3170377749484 1.63834526669234 1.17912295693532 1.53762767533772 1.87237949552946 1.13577673328109 1.1114127819892 1.36153813172132 1.20761143020354 1.16773096844554 1.93407955043949 1.23262598388828 1.42469093250111 1.6331667394843 1.38742476399057 1.79147230274975 1.2104196830187 1.11215471033938 1.42509810766205 1.40509962034412
1.63878298434429 1.0965206513647 1.7368698681239 1.76877262815833 1.02789126848802 1.9468271851074 1.02518210071139 1.48534110607579 1.6634144440759 0 1.84484740020707 1.90072574815713 1.50205384916626 1.93661445961334 1.76876952964813 1.71357432170771 1.22168109077029 1.9039024496451 1.08566008368507 1.62759146397002 1.2963846004568 1.5642379715573 1.48622996592894 1.58561069774441 1.51223944406956 1.52204159717076 0.963431108742952 1.93338336190209 1.24775180011056 1.55969741451554
1.86856195423752 1.22804770315997 1.24206009623595 1.1524869306013 1.31770347501151 1.70278855599463 1.21096053812653 1.85483057820238 1.3170377749484 1.84484740020707 0 1.47572748013772 1.11410314822569 1.21323667676188 1.66566453897394 1.89305498450994 0.971001652767882 1.85320478770882 1.31491198786534 1.23317936644889 1.09660358680412 1.68397907330655 1.45561153651215 1.46800082596019 1.80172497639433 1.91155759990215 1.52305105258711 1.80503685865551 1.77805869397707 1.68406875780784
1.34898008522578 1.4694483440835 1.60537908924744 1.81590764806606 1.83589871390723 1.5703952263575 1.53996546729468 1.34464366687462 1.63834526669234 1.90072574815713 1.47572748013772 0 1.03043727972545 1.21355068380944 1.58731823391281 1.51228621299379 1.73219895293005 1.81372947269119 1.88988263509236 1.02394124423154 1.57946967775933 1.57398822484538 1.74667132203467 1.18784937052988 1.37362227984704 1.52538054343313 1.06382014788687 1.90491116605699 1.41151482914574 1.41169335483573
1.69128569215536 1.38854827545583 1.46272899000905 0.955199509859085 1.08333851280622 1.85485735931434 1.30583439953625 1.94017037190497 1.17912295693532 1.50205384916626 1.11410314822569 1.03043727972545 0 1.40395582281053 1.36152773746289 1.0015939231962 1.16029278910719 1.38326146639884 0.967824167804793 1.59127992484719 1.42789288191125 1.47128370497376 1.65177391213365 1.5542905034963 1.79733812063932 1.03697475721128 1.20806593517773 1.59223678149283 1.11048281285912 1.78069007536396
1.14608405530453 1.77061692695133 1.86110981553793 1.68683387595229 1.22821586416103 1.37300353497267 0.993958910228685 1.67444067355245 1.53762767533772 1.93661445961334 1.21323667676188 1.21355068380944 1.40395582281053 0 1.76601287280209 1.34190201759338 1.67225635936484 1.88220931659453 1.14751057163812 1.92245327751152 1.20363847375847 1.3474921407178 1.39343985612504 1.8418162597809 1.92867919243872 1.06483755283989 1.55443788762204 0.959139301208779 1.03317559533753 1.14940060768276
1.62864175112918 1.33409838564694 1.71410106308758 1.20252222847193 1.57839347282425 1.04966425988823 1.74664785340428 1.19620293006301 1.87237949552946 1.76876952964813 1.66566453897394 1.58731823391281 1.36152773746289 1.76601287280209 0 1.33977558417246 1.18735678028315 1.00305764214136 1.68931458820589 1.89440852589905 1.34552608942613 0.977854716824368 1.05037084477954 1.17805511155166 1.10567139810883 1.76998096168973 1.4012773449067 1.80188354849815 1.67687453934923 1.55463131750003
1.75883747939952 1.78503676154651 1.17563082976267 1.25939883245155 1.0982728197705 1.84923366853036 1.65369325107895 1.57833627401851 1.13577673328109 1.71357432170771 1.89305498450994 1.51228621299379 1.0015939231962 1.34190201759338 1.33977558417246 0 1.39758093073033 1.4327171172481 1.5736788129434 1.82610247354023 1.45749715459533 1.67974508181214 0.981555002508685 1.70512742828578 1.7854012530297 1.32405305164866 1.18562883674167 1.16331321839243 1.53111781971529 1.38232816755772
1.66873759496957 1.93261794163845 1.28416170668788 1.84182287333533 1.22444367245771 1.28298673476093 1.08673229301348 1.86800070060417 1.1114127819892 1.22168109077029 0.971001652767882 1.73219895293005 1.16029278910719 1.67225635936484 1.18735678028315 1.39758093073033 0 1.91990890563466 1.4077200202737 1.13472227775492 1.38454107055441 1.2030467488803 1.73372428677976 1.73150923172943 1.9462687720079 1.52488799905404 1.5269009207841 1.69319375837222 1.49123398517258 1.69432095251977
1.38037397596054 1.3014033511281 1.52605978841893 1.56014587031677 1.38478463934734 1.58586926548742 1.90093282377347 0.979403289733455 1.36153813172132 1.9039024496451 1.85320478770882 1.81372947269119 1.38326146639884 1.88220931659453 1.00305764214136 1.4327171172481 1.91990890563466 0 1.85888758045621 1.50623619020917 1.0046944746282 1.45354413543828 1.7429033536464 1.5653513984289 1.24926872062497 1.55710647115484 1.87256754096597 1.85507888230495 1.93608961510472 1.61669146222994
1.13499819207937 1.01169438753277 1.68906869948842 1.60871500568464 1.08124688174576 1.19941201619804 1.34256331599317 1.30633443407714 1.20761143020354 1.08566008368507 1.31491198786534 1.88988263509236 0.967824167804793 1.14751057163812 1.68931458820589 1.5736788129434 1.4077200202737 1.85888758045621 0 1.82380484300666 1.8885012047831 1.74777253903449 1.73875629738905 1.58970936061814 1.73243221594021 1.7403131511528 1.72892511030659 1.28597028646618 1.41047355066985 1.00769663089886
1.56129121920094 0.953341477783397 1.57566934963688 1.4549519396387 1.70083693927154 0.994474947452545 1.93413098482415 1.05843184958212 1.16773096844554 1.62759146397002 1.23317936644889 1.02394124423154 1.59127992484719 1.92245327751152 1.89440852589905 1.82610247354023 1.13472227775492 1.50623619020917 1.82380484300666 0 1.35666391206905 1.20224059559405 1.85153347020969 1.52612782479264 1.01466814684682 1.67082347045653 1.22652464802377 1.80419926461764 1.3720637972001 1.36901250528172
1.44119585957378 1.77385920053348 1.22032671445049 1.80615712935105 1.92061618482694 1.24338349094614 1.77303580660373 1.40533695742488 1.93407955043949 1.2963846004568 1.09660358680412 1.57946967775933 1.42789288191125 1.20363847375847 1.34552608942613 1.45749715459533 1.38454107055441 1.0046944746282 1.8885012047831 1.35666391206905 0 1.78767297882587 0.976251559564844 1.4365011989139 1.12535513192415 1.3257881894242 1.00212710886262 1.78951296838932 1.53444568812847 1.41165192727931
1.02026434941217 1.34373630443588 1.69853451964445 1.86738610942848 1.21261395607144 1.59661122458056 1.34909934271127 1.00228678947315 1.23262598388828 1.5642379715573 1.68397907330655 1.57398822484538 1.47128370497376 1.3474921407178 0.977854716824368 1.67974508181214 1.2030467488803 1.45354413543828 1.74777253903449 1.20224059559405 1.78767297882587 0 1.00270150857978 1.74450595118105 1.43975473940372 0.983858843101189 1.47050809301436 1.73988396953791 1.19452707772143 1.918609702494
1.49559873272665 1.0374835242983 1.33522654836997 1.42433783668093 1.28461583005264 1.88003888959065 1.42014818801545 1.34831689135171 1.42469093250111 1.48622996592894 1.45561153651215 1.74667132203467 1.65177391213365 1.39343985612504 1.05037084477954 0.981555002508685 1.73372428677976 1.7429033536464 1.73875629738905 1.85153347020969 0.976251559564844 1.00270150857978 0 1.04215561319143 0.954736520303413 1.2373896620702 1.3461333385203 1.21372896060348 1.326945227338 1.35921495757066
1.59634955157526 1.69772048247978 0.966822939459234 0.950022458797321 1.62911024061032 1.82184800785035 1.39393027708866 1.68215031106956 1.6331667394843 1.58561069774441 1.46800082596019 1.18784937052988 1.5542905034963 1.8418162597809 1.17805511155166 1.70512742828578 1.73150923172943 1.5653513984289 1.58970936061814 1.52612782479264 1.4365011989139 1.74450595118105 1.04215561319143 0 1.80421470128931 1.09415419073775 1.60009885113686 1.05280986032449 0.975289440248162 1.69036231213249
1.34128415957093 1.38079637545161 1.36001340812072 1.82123435218818 1.02116656559519 1.39261648547836 0.981682486832142 1.23682721122168 1.38742476399057 1.51223944406956 1.80172497639433 1.37362227984704 1.79733812063932 1.92867919243872 1.10567139810883 1.7854012530297 1.9462687720079 1.24926872062497 1.73243221594021 1.01466814684682 1.12535513192415 1.43975473940372 0.954736520303413 1.80421470128931 0 1.82716963603161 1.21687016659416 1.31290095322765 1.92420128011145 1.53139016451314
1.00244041765109 1.25139124388807 1.6887241541408 1.35217340779491 1.63875132519752 1.7142963251099 0.96069589164108 1.31328629842028 1.79147230274975 1.52204159717076 1.91155759990215 1.52538054343313 1.03697475721128 1.06483755283989 1.76998096168973 1.32405305164866 1.52488799905404 1.55710647115484 1.7403131511528 1.67082347045653 1.3257881894242 0.983858843101189 1.2373896620702 1.09415419073775 1.82716963603161 0 1.42182697891258 1.34557052794844 1.63180910027586 1.17920337803662
1.17248123534955 1.53385953558609 1.89380988129415 1.00032268324867 1.28057199413888 1.31032770872116 1.25770013011061 1.40502781304531 1.2104196830187 0.963431108742952 1.52305105258711 1.06382014788687 1.20806593517773 1.55443788762204 1.4012773449067 1.18562883674167 1.5269009207841 1.87256754096597 1.72892511030659 1.22652464802377 1.00212710886262 1.47050809301436 1.3461333385203 1.60009885113686 1.21687016659416 1.42182697891258 0 0.969952253159136 1.1491382708773 1.52049689902924
1.68826194526628 1.89990198612213 1.36460237693973 1.62805727077648 1.69453811063431 1.78865408827551 1.02063383487985 1.52946673426777 1.11215471033938 1.93338336190209 1.80503685865551 1.90491116605699 1.59223678149283 0.959139301208779 1.80188354849815 1.16331321839243 1.69319375837222 1.85507888230495 1.28597028646618 1.80419926461764 1.78951296838932 1.73988396953791 1.21372896060348 1.05280986032449 1.31290095322765 1.34557052794844 0.969952253159136 0 1.49235639791004 1.13475300348364
0.966479676775634 1.28585538011976 1.61398164927959 1.3211923269555 0.962029516231269 1.89961567777209 0.988805970177054 1.13451460236683 1.42509810766205 1.24775180011056 1.77805869397707 1.41151482914574 1.11048281285912 1.03317559533753 1.67687453934923 1.53111781971529 1.49123398517258 1.93608961510472 1.41047355066985 1.3720637972001 1.53444568812847 1.19452707772143 1.326945227338 0.975289440248162 1.92420128011145 1.63180910027586 1.1491382708773 1.49235639791004 0 1.51273565459996
1.08172509027645 1.14720359654166 1.45607291185297 1.30577430734411 1.70297193480656 1.29958286974579 1.21906141377985 1.47111148945987 1.40509962034412 1.55969741451554 1.68406875780784 1.41169335483573 1.78069007536396 1.14940060768276 1.55463131750003 1.38232816755772 1.69432095251977 1.61669146222994 1.00769663089886 1.36901250528172 1.41165192727931 1.918609702494 1.35921495757066 1.69036231213249 1.53139016451314 1.17920337803662 1.52049689902924 1.13475300348364 1.51273565459996 0
