0 1.34125382662751 1.07254054071382 1.03676691604778 1.62376433424652 1.62893172074109 1.71968789538369 1.67116545233876 1.24481367203407 1.0107329657767 1.3253187709488 1.12679949612357 1.07343842415139 1.3210211773403 1.18312429217622 1.93713285354897 1.84168929420412 0.995167820481583 1.73828392545693 0.988373537780717 1.87224043696187 1.73025988368317 1.6749771728646 1.31758425128646 1.01362956920639 1.38843647856265 1.34482551226392 1.29256770084612 1.83354494883679 1.48448556591757
1.34125382662751 0 1.56725091440603 1.0453624560032 1.86060984153301 1.53212724020705 1.73701068200171 1.73077577771619 1.61272943136282 1.84107696684077 1.3108223832678 1.44351855712011 1.84241854469292 1.61249454994686 1.23953726887703 1.50064184702933 1.17234395211563 1.45839123730548 1.91014866926707 1.08330599428155 1.32443766994402 1.92066577449441 1.00969032780267 1.4678033455275 1.89143601874821 1.22754646348767 1.7486006426625 1.80089337308891 1.94426076114178 1.8383762750309
1.07254054071382 1.56725091440603 0 1.39163254736923 1.32984900497831 1.79775946657173 1.06382134533487 1.36868762946688 1.69436444481835 1.54300154233351 1.27779046678916 1.30572131788358 1.27447158680297 1.24025733279996 1.91771533107385 1.21759476559237 1.94355989433825 1.43298689625226 1.26789366686717 1.07620721822605 1.07783770048991 1.59696036367677 1.93676288612187 1.25676327990368 1.54468560870737 1.60710132494569 1.14519096002914 1.48044408834539 1.15977942547761 1.436237717513
1.03676691604778 1.0453624560032 1.39163254736923 0 1.22356935706921 1.72261932585388 1.38239652453922 1.40918202954344 1.69705113908276 1.47423456306569 1.54542613471858 1.30542793893255 1.8920226173941 1.15610313182697 1.13915701885708 1.00069415732287 1.27124005765654 1.87683019950055 1.56147006037645 1.43108305637725 1.78960463101976 1.59281853819266 1.80312161124311 1.29922665050253 1.24525453336537 1.79839435382746 1.53447334002703 1.01618820964359 1.49501741211861 1.51912153116427
1.62376433424652 1.86060984153301 1.32984900497831 1.22356935706921 0 1.82314209733158 1.29146124050021 1.80198358278722 1.32489372394048 1.26195103977807 1.31354848435149 0.973456219304353 1.12150593823753 1.7491871912498 1.31449815817177 1.33087722654454 1.61498604505323 1.80732089770027 1.71773320343345 1.94094631285407 1.41281484044157 1.42085537360981 1.29637484834529 1.94192970707081 1.85904927947558 1.94288067193702 1.03874348313548 1.79316134890541 1.04438194213435 1.70285494928248
1.62893172074109 1.53212724020705 1.79775946657173 1.72261932585388 1.82314209733158 0 1.91015243949369 1.60167245729826 1.75946641922928 1.01403568428941 1.57426718506031 0.9724400350824 1.2218251680024 1.80361248319969 1.64640374085866 1.78590475721285 1.75489068333991 1.57272538053803 1.11816506786272 1.79781737877056 1.67401081719436 1.60910716303624 1.47016377118416 0.988333016866818 1.6511878722813 1.68888417398557 1.48289107391611 0.999456666875631 1.59843021328561 1.25794598320499
1.71968789538369 1.73701068200171 1.06382134533487 1.38239652453922 1.29146124050021 1.91015243949369 0 1.08609123481438 1.4156478503719 1.85895275254734 1.68228467484005 0.988839451223612 1.84192532137968 1.20844397204928 1.76696164067835 1.85285583371297 1.42165332776494 1.43933287123218 1.06650101486593 1.50581643171608 1.19183152890764 1.10044870409183 1.42833378887735 1.64779188204557 1.36619453597814 1.5892273732461 1.19141771597788 1.56295646168292 1.33418624498881 1.05279744323343
1.67116545233876 1.73077577771619 1.36868762946688 1.40918202954344 1.80198358278722 1.60167245729826 1.08609123481438 0 1.37233040714636 1.74859032873064 1.82154508796521 1.69356166967191 1.76763584162109 1.84657425875776 1.85370167088695 1.1058657746762 1.46539722126909 1.32207528292201 1.79093936923891 1.22176113212481 1.68694468238391 1.50165267125703 1.43661514716223 1.10587821458466 0.978569453349337 1.32486982899718 1.51905780821107 1.84823112818412 1.30429896735586 1.63208996341564
1.24481367203407 1.61272943136282 1.69436444481835 1.69705113908276 1.32489372394048 1.75946641922928 1.4156478503719 1.37233040714636 0 1.95329865952954 0.98493065754883 1.32260896475054 1.78160827653483 1.80348683125339 1.72783841472119 1.19366923207417 1.5272455571685 1.10914936009794 1.54649034515023 1.52818184858188 1.7959541908931 1.17150436923839 1.67922494816594 1.93485243851319 0.988636627560481 0.975129779661074 1.95664849714376 1.73803636315279 1.02765724551864 1.88443125388585
1.0107329657767 1.84107696684077 1.54300154233351 1.47423456306569 1.26195103977807 1.01403568428941 1.85895275254734 1.74859032873064 1.95329865952954 0 1.47202267684042 1.86814308119938 1.43822534522042 1.42226904607378 1.08367192838341 1.82424531434663 1.38429869734682 1.81515753618442 1.24971991288476 1.17168884328566 1.42519182525575 1.26139195519499 1.82385260495357 1.34895290131681 1.497796516167 1.41602592752315 1.10755643015727 1.24472873168997 1.49915413581766 1.63081153156236
1.3253187709488 1.3108223832678 1.27779046678916 1.54542613471858 1.31354848435149 1.57426718506031 1.68228467484005 1.82154508796521 0.98493065754883 1.47202267684042 0 1.76184966554865 1.72525390167721 1.60142025724053 1.83550394652411 1.43302025808953 1.67063305084594 1.03745781187899 1.64286270993762 1.89465627307072 1.55965128773823 1.86396982520819 1.69057028112002 1.01568390033208 1.41097425343469 1.80495426547714 1.21073974226601 1.56883529922925 1.43675407744013 1.30942755821161
1.12679949612357 1.44351855712011 1.30572131788358 1.30542793893255 0.973456219304353 0.9724400350824 0.988839451223612 1.69356166967191 1.32260896475054 1.86814308119938 1.76184966554865 0 1.16653158166446 1.72998258215375 1.78600153583102 1.50774724828079 1.19680476048961 1.72876576869749 1.01376225310378 1.38451276160777 1.8637618876528 0.995371861383319 1.71358220209368 1.23592359595932 1.61217884998769 1.08059180271812 1.3183500089217 1.31651890650392 1.77224292512983 1.89054337586276
1.07343842415139 1.84241854469292 1.27447158680297 1.8920226173941 1.12150593823753 1.2218251680024 1.84192532137968 1.76763584162109 1.78160827653483 1.43822534522042 1.72525390167721 1.16653158166446 0 1.88256955426186 1.27324698865414 1.29834305914119 1.27604333031923 1.57560296310112 1.49592646909878 1.55168129666708 1.11000613076612 1.47008530865423 1.40448455163278 1.47019242425449 1.71320782718249 1.89274633675814 1.2242930456996 1.90933972760104 1.48257396998815 1.0065117131453
1.3210211773403 1.61249454994686 1.24025733279996 1.15610313182697 1.7491871912498 1.80361248319969 1.20844397204928 1.84657425875776 1.80348683125339 1.42226904607378 1.60142025724053 1.72998258215375 1.88256955426186 0 0.963788887718692 1.13598097115755 1.13698018458672 1.08038234640844 1.93581885728054 1.31551086250693 1.59283316647634 1.77151793637313 1.48246403760277 1.83939874987118 1.38132256129757 1.08067112416029 1.89625228336081 0.971383997937664 1.70978889404796 1.42927983403206
1.18312429217622 1.23953726887703 1.91771533107385 1.13915701885708 1.31449815817177 1.64640374085866 1.76696164067835 1.85370167088695 1.72783841472119 1.08367192838341 1.83550394652411 1.78600153583102 1.27324698865414 0.963788887718692 0 1.08663039817475 1.68596499296837 1.36918899905868 0.972029969561845 1.671446996741 1.50853511597961 1.62818556511775 1.95040225796402 1.84155048779212 1.89411604916677 1.74711381434463 1.66173197305761 1.35234302305616 1.15687388693914 1.18518797541037
1.93713285354897 1.50064184702933 1.21759476559237 1.00069415732287 1.33087722654454 1.78590475721285 1.85285583371297 1.1058657746762 1.19366923207417 1.82424531434663 1.43302025808953 1.50774724828079 1.29834305914119 1.13598097115755 1.08663039817475 0 1.8605145602487 1.56122529390268 1.63579670945182 1.89398671966046 1.63202506769449 1.65370077616535 1.68634594837204 1.60962370759808 1.55820718896575 1.36673563928343 1.42555689811707 1.35356908314861 1.68508821749128 1.4187756231986
1.84168929420412 1.17234395211563 1.94355989433825 1.27124005765654 1.61498604505323 1.75489068333991 1.42165332776494 1.46539722126909 1.5272455571685 1.38429869734682 1.67063305084594 1.19680476048961 1.27604333031923 1.13698018458672 1.68596499296837 1.8605145602487 0 1.45068224496208 1.50544709595852 1.25490454188548 1.80009731487371 1.58845550217666 1.37510673515499 1.4259871263057 1.84948161547072 1.09332275413908 1.48572201398201 1.19980628974736 1.42167675704695 1.11839684657753
0.995167820481583 1.45839123730548 1.43298689625226 1.87683019950055 1.80732089770027 1.57272538053803 1.43933287123218 1.32207528292201 1.10914936009794 1.81515753618442 1.03745781187899 1.72876576869749 1.57560296310112 1.08038234640844 1.36918899905868 1.56122529390268 1.45068224496208 0 1.73506493680179 1.7482783277519 1.28095252043568 1.11155364429578 1.20889603160322 1.76400407706387 1.45002845814452 1.77637934987433 0.985415442846715 1.84414482372813 1.77694805711508 1.34134820499457
1.73828392545693 1.91014866926707 1.26789366686717 1.56147006037645 1.71773320343345 1.11816506786272 1.06650101486593 1.79093936923891 1.54649034515023 1.24971991288476 1.64286270993762 1.01376225310378 1.49592646909878 1.93581885728054 0.972029969561845 1.63579670945182 1.50544709595852 1.73506493680179 0 1.62618261133321 1.11786327860318 1.34238542779349 1.59810383757576 1.90090724267066 1.65123741072603 1.73651403724216 1.76357628684491 0.964978264877573 1.0161245407071 1.59859370603226
0.988373537780717 1.08330599428155 1.07620721822605 1.43108305637725 1.94094631285407 1.79781737877056 1.50581643171608 1.22176113212481 1.52818184858188 1.17168884328566 1.89465627307072 1.38451276160777 1.55168129666708 1.31551086250693 1.671446996741 1.89398671966046 1.25490454188548 1.7482783277519 1.62618261133321 0 1.19354559481144 1.33184593822807 1.80706701357849 1.77570568374358 1.11379407066852 1.17623855685815 1.66766760614701 1.38646906614304 1.75701796659268 1.16742504062131
1.87224043696187 1.32443766994402 1.07783770048991 1.78960463101976 1.41281484044157 1.67401081719436 1.19183152890764 1.68694468238391 1.7959541908931 1.42519182525575 1.55965128773823 1.8637618876528 1.11000613076612 1.59283316647634 1.50853511597961 1.63202506769449 1.80009731487371 1.28095252043568 1.11786327860318 1.19354559481144 0 1.87766236881725 1.34558083419688 1.29426095169038 1.1513455780223 1.844583932776 1.09418104216456 1.00151798408478 1.9223043108359 1.11173171596602
1.73025988368317 1.92066577449441 1.59696036367677 1.59281853819266 1.42085537360981 1.60910716303624 1.10044870409183 1.50165267125703 1.17150436923839 1.26139195519499 1.86396982520819 0.995371861383319 1.47008530865423 1.77151793637313 1.62818556511775 1.65370077616535 1.58845550217666 1.11155364429578 1.34238542779349 1.33184593822807 1.87766236881725 0 1.28042758209631 1.77291105152108 1.93835287354887 1.20640796027146 1.27226209524088 1.79398275981657 1.5328112738207 1.53801351995207
1.6749771728646 1.00969032780267 1.93676288612187 1.80312161124311 1.29637484834529 1.47016377118416 1.42833378887735 1.43661514716223 1.67922494816594 1.82385260495357 1.69057028112002 1.71358220209368 1.40448455163278 1.48246403760277 1.95040225796402 1.68634594837204 1.37510673515499 1.20889603160322 1.59810383757576 1.80706701357849 1.34558083419688 1.28042758209631 0 1.86485375836492 1.22504496364854 1.23241919605061 1.64734781882726 1.62757681123912 1.77668424346484 1.87864586501382
1.31758425128646 1.4678033455275 1.25676327990368 1.29922665050253 1.94192970707081 0.988333016866818 1.64779188204557 1.10587821458466 1.93485243851319 1.34895290131681 1.01568390033208 1.23592359595932 1.47019242425449 1.83939874987118 1.84155048779212 1.60962370759808 1.4259871263057 1.76400407706387 1.90090724267066 1.77570568374358 1.29426095169038 1.77291105152108 1.86485375836492 0 1.48765502939932 1.60129462112673 1.30159584362991 1.78092253231443 1.65568370046094 1.51600315980613
1.01362956920639 1.89143601874821 1.54468560870737 1.24525453336537 1.85904927947558 1.6511878722813 1.36619453597814 0.978569453349337 0.988636627560481 1.497796516167 1.41097425343469 1.61217884998769 1.71320782718249 1.38132256129757 1.89411604916677 1.55820718896575 1.84948161547072 1.45002845814452 1.65123741072603 1.11379407066852 1.1513455780223 1.93835287354887 1.22504496364854 1.48765502939932 0 1.23628268041648 1.85722697083838 1.60321893636137 1.84126793802716 1.2473208301235
1.38843647856265 1.22754646348767 1.60710132494569 1.79839435382746 1.94288067193702 1.68888417398557 1.5892273732461 1.32486982899718 0.975129779661074 1.41602592752315 1.80495426547714 1.08059180271812 1.89274633675814 1.08067112416029 1.74711381434463 1.36673563928343 1.09332275413908 1.77637934987433 1.73651403724216 1.17623855685815 1.844583932776 1.20640796027146 1.23241919605061 1.60129462112673 1.23628268041648 0 1.58279661461711 1.67788150976412 1.36236044880934 1.67084479425102
1.34482551226392 1.7486006426625 1.14519096002914 1.53447334002703 1.03874348313548 1.48289107391611 1.19141771597788 1.51905780821107 1.95664849714376 1.10755643015727 1.21073974226601 1.3183500089217 1.2242930456996 1.89625228336081 1.66173197305761 1.42555689811707 1.48572201398201 0.985415442846715 1.76357628684491 1.66766760614701 1.09418104216456 1.27226209524088 1.64734781882726 1.30159584362991 1.85722697083838 1.58279661461711 0 1.88024798571132 1.00308748218231 1.90150962304324
1.29256770084612 1.80089337308891 1.48044408834539 1.01618820964359 1.79316134890541 0.999456666875631 1.56295646168292 1.84823112818412 1.73803636315279 1.24472873168997 1.56883529922925 1.31651890650392 1.90933972760104 0.971383997937664 1.35234302305616 1.35356908314861 1.19980628974736 1.84414482372813 0.964978264877573 1.38646906614304 1.00151798408478 1.79398275981657 1.62757681123912 1.78092253231443 1.60321893636137 1.67788150976412 1.88024798571132 0 1.25090448162518 1.38379538757727
1.83354494883679 1.94426076114178 1.15977942547761 1.49501741211861 1.04438194213435 1.59843021328561 1.33418624498881 1.30429896735586 1.02765724551864 1.49915413581766 1.43675407744013 1.77224292512983 1.48257396998815 1.70978889404796 1.15687388693914 1.68508821749128 1.42167675704695 1.77694805711508 1.0161245407071 1.75701796659268 1.9223043108359 1.5328112738207 1.77668424346484 1.65568370046094 1.84126793802716 1.36236044880934 1.00308748218231 1.25090448162518 0 1.01829429785721
1.48448556591757 1.8383762750309 1.436237717513 1.51912153116427 1.70285494928248 1.25794598320499 1.05279744323343 1.63208996341564 1.88443125388585 1.63081153156236 1.30942755821161 1.89054337586276 1.0065117131453 1.42927983403206 1.18518797541037 1.4187756231986 1.11839684657753 1.34134820499457 1.59859370603226 1.16742504062131 1.11173171596602 1.53801351995207 1.87864586501382 1.51600315980613 1.2473208301235 1.67084479425102 1.90150962304324 1.38379538757727 1.01829429785721 0
