0 1.36102248076349 1.03640561248176 1.81139757367782 1.75662928749807 0.971412239363417 1.79662120924331 1.63942108303308 1.19112902344204 1.93558251508512 1.64755447534844 1.73120775562711 1.34895025240257 1.06503914739005 1.81877127243206 1.16795403603464 1.60037400806323 1.50108284130692 1.79017611802556 1.05238432507031 1.40225571510382 1.23553670034744 1.5085056591779 1.44478692510165 0.996234423248097 1.17025361652486 1.66853777109645 1.26593199651688 1.02971646818332 1.59762869495898
1.36102248076349 0 1.04344633640721 1.2824660486076 1.62410420179367 1.13666667742655 1.84134604036808 0.999651696067303 1.37874446227215 1.3343530043494 1.24845871888101 1.69465572759509 1.71365882293321 1.06109804287553 0.973822876345366 1.32904135761783 1.10690818005241 0.955164660932496 0.960980075411499 1.70014499779791 1.12003197334707 1.93810600577854 0.950223559048027 1.501844140701 1.0184513241984 1.78126479452476 1.74374385736883 1.0201325211674 1.60602625319734 1.73261646390893
1.03640561248176 1.04344633640721 0 1.37546848948114 1.20049392525107 1.47282735584304 1.05298265581951 1.7822411719244 1.56573961791582 1.62055629584938 1.1048902196344 1.48704804503359 1.69024484511465 0.98101889132522 0.967200987972319 1.27618557913229 0.994688133941963 1.89684292976744 1.609870148357 1.68012620718218 1.88293836149387 1.07554336427711 1.72945793461986 1.21042874711566 1.54313479922712 1.82532510836609 1.32323399558663 1.79495788016357 1.32739630271681 1.46481977612711
1.81139757367782 1.2824660486076 1.37546848948114 0 1.21834501507692 1.88014483079314 1.60310586262494 1.26809769542888 1.83772308449261 1.56923371879384 1.5323969477322 1.25804077321663 1.38332583964802 1.04154625814408 1.52571797184646 0.982796975877136 1.71083856816404 1.45563897956163 1.21440034965053 1.19416414550506 1.22912691370584 1.07371351006441 1.81073626084253 1.04612905485556 1.64617275306955 1.32715306337923 1.41813330724835 1.59630283224396 1.49066186137497 1.21541490242817
1.75662928749807 1.62410420179367 1.20049392525107 1.21834501507692 0 1.41107236593962 1.19635638943873 1.50863450695761 1.78549976879731 1.20043449918739 1.93384941481054 1.68596893362701 1.15643959119916 1.62423177203164 1.65418106527068 1.02543525211513 1.64356052852236 1.72210663207807 1.31465072371066 0.960045256186277 1.7860275763087 1.27617982192896 1.54347019968554 1.42029434419237 1.67740747448988 1.06319398176856 1.14090864057653 1.25618987856433 1.66095567308366 1.88562579872087
0.971412239363417 1.13666667742655 1.47282735584304 1.88014483079314 1.41107236593962 0 1.33941314113326 1.12409906415269 1.02972537721507 1.55392723716795 1.89865256752819 1.26866329857148 1.1900353662204 1.58221894456074 1.16043811617419 1.03808368556201 1.75967666204087 1.37528530065902 1.57404303341173 1.04615150089376 1.83226701174863 1.05879370030016 1.23185206903145 1.42443850915879 1.51979352044873 1.79139155545272 1.70391149958596 1.72746901540086 1.54060602444224 1.73631042381749
1.79662120924331 1.84134604036808 1.05298265581951 1.60310586262494 1.19635638943873 1.33941314113326 0 1.54262765520252 0.949763133423403 1.62020305660553 1.14367986749858 1.74347002943978 1.90687056980096 1.92120303912088 1.46280274842866 1.32210835348815 1.28441217914224 1.67435430921614 1.82459517475218 0.983080103294924 1.72651768685319 1.75516528054141 1.72956558922306 1.37575574708171 1.94340522028506 1.56149029848166 1.2885483331047 0.990360249299556 0.964483653660864 1.41054760059342
1.63942108303308 0.999651696067303 1.7822411719244 1.26809769542888 1.50863450695761 1.12409906415269 1.54262765520252 0 1.90224127680995 1.34589966572821 1.51069819787517 1.32593492837623 1.43530056905001 1.41300843260251 1.16142851649784 1.01760474406183 1.81916781631298 1.18991546519101 1.77349830814637 1.91219950770028 1.18315889127553 1.57051337673329 1.19373291661032 1.55619357177056 1.30265887686983 1.08402403257787 1.1037264582701 1.43909183749929 1.48877275455743 1.74134175293148
1.19112902344204 1.37874446227215 1.56573961791582 1.83772308449261 1.78549976879731 1.02972537721507 0.949763133423403 1.90224127680995 0 1.48494602949359 1.65748537215404 1.70502857118845 1.35306038893759 1.24202981218696 1.32591945305467 1.24543831357732 1.49056796682999 1.73136097262613 1.7180520365946 1.76806827494875 1.50031098769978 1.56619288772345 1.16503529134206 1.90546919265762 1.89362227846868 1.37373207276687 1.34505299595185 1.34630359802395 1.76344482577406 0.997318943729624
1.93558251508512 1.3343530043494 1.62055629584938 1.56923371879384 1.20043449918739 1.55392723716795 1.62020305660553 1.34589966572821 1.48494602949359 0 0.999389620730653 1.77548379800282 1.29185761115514 1.4688054160215 1.316949384287 1.28980399970897 1.34573414293118 1.78391945920885 1.68134005763568 1.0828950884752 1.45380569901317 1.94449824187905 1.14506023866124 0.966698776464909 1.12716519786045 0.966184223769233 1.21051708748564 1.11308334651403 1.44679859443568 1.54770266171545
1.64755447534844 1.24845871888101 1.1048902196344 1.5323969477322 1.93384941481054 1.89865256752819 1.14367986749858 1.51069819787517 1.65748537215404 0.999389620730653 0 1.50477562658489 1.65931156510487 1.36240514274687 1.83035373711027 1.14416390261613 1.20134343183599 1.56837196135893 1.73195948591456 1.84256360423751 1.41287831636146 1.00591911165975 0.949845971539617 1.93150620697998 1.3524381343741 1.45309029496275 1.0318865259178 1.83713665488176 1.73209926183335 1.47322907345369
1.73120775562711 1.69465572759509 1.48704804503359 1.25804077321663 1.68596893362701 1.26866329857148 1.74347002943978 1.32593492837623 1.70502857118845 1.77548379800282 1.50477562658489 0 1.921135508921 1.62847058079205 1.79343555751257 1.87051468226127 1.64441144000739 1.80885100411251 1.06193278846331 1.61815489269793 1.75353552214801 1.06434695865028 1.51624025567435 1.72474195319228 1.58964753663167 1.41379466839135 1.69020708464086 1.80558773805387 1.0788822628092 1.1322988322936
1.34895025240257 1.71365882293321 1.69024484511465 1.38332583964802 1.15643959119916 1.1900353662204 1.90687056980096 1.43530056905001 1.35306038893759 1.29185761115514 1.65931156510487 1.921135508921 0 1.84327115560882 1.20325189712457 1.36350212921388 1.29529534489848 1.04508288926445 1.54738805443048 1.27749388944358 1.89360161940567 1.09655613009818 1.5444081351161 1.58776718564332 1.62243178323843 0.999566822545603 1.7750891984906 1.59105363907292 1.79392081755213 1.11028583045118
1.06503914739005 1.06109804287553 0.98101889132522 1.04154625814408 1.62423177203164 1.58221894456074 1.92120303912088 1.41300843260251 1.24202981218696 1.4688054160215 1.36240514274687 1.62847058079205 1.84327115560882 0 1.60084475460462 1.82577478070743 1.31424910738133 1.9164353562519 1.26633498491719 1.42731270589866 1.2802416132763 1.69549180218019 1.81726890662685 1.94004144496284 1.87989412108436 1.76324550295249 1.47815953870304 1.86665366194211 1.22004452813417 1.56791469175369
1.81877127243206 0.973822876345366 0.967200987972319 1.52571797184646 1.65418106527068 1.16043811617419 1.46280274842866 1.16142851649784 1.32591945305467 1.316949384287 1.83035373711027 1.79343555751257 1.20325189712457 1.60084475460462 0 1.07230461202562 1.08038677810691 1.39283822802827 1.37945395382121 1.65205033333041 1.6211924420204 1.08363429806195 1.88443619268946 1.22416553553194 1.15401377994567 1.53000279329717 1.30922733643092 1.41122280294076 1.43911922140978 1.83961767377332
1.16795403603464 1.32904135761783 1.27618557913229 0.982796975877136 1.02543525211513 1.03808368556201 1.32210835348815 1.01760474406183 1.24543831357732 1.28980399970897 1.14416390261613 1.87051468226127 1.36350212921388 1.82577478070743 1.07230461202562 0 1.49144003470428 1.68475070013665 1.67888371087611 1.56039192900062 1.17852209485136 1.30209818272851 1.55184513540007 0.951744585996494 1.71035330439918 1.23525132867508 1.19035299145617 1.21841849386692 1.60275884415023 1.57310976041481
1.60037400806323 1.10690818005241 0.994688133941963 1.71083856816404 1.64356052852236 1.75967666204087 1.28441217914224 1.81916781631298 1.49056796682999 1.34573414293118 1.20134343183599 1.64441144000739 1.29529534489848 1.31424910738133 1.08038677810691 1.49144003470428 0 1.58335785125382 1.50688378675841 1.3261733930558 1.33567319181748 0.954613758251071 1.28702385374345 1.89318711054511 1.71673288405873 1.90610022027977 1.86115846084431 1.02639496559277 1.63783208513632 1.12039256584831
1.50108284130692 0.955164660932496 1.89684292976744 1.45563897956163 1.72210663207807 1.37528530065902 1.67435430921614 1.18991546519101 1.73136097262613 1.78391945920885 1.56837196135893 1.80885100411251 1.04508288926445 1.9164353562519 1.39283822802827 1.68475070013665 1.58335785125382 0 1.38365635927767 1.61906076269224 1.34367144433782 1.52499591046944 1.55623038113117 1.64086295687594 1.05467038042843 1.73335550003685 1.18122930475511 1.76132107852027 1.68654393078759 1.03783989697695
1.79017611802556 0.960980075411499 1.609870148357 1.21440034965053 1.31465072371066 1.57404303341173 1.82459517475218 1.77349830814637 1.7180520365946 1.68134005763568 1.73195948591456 1.06193278846331 1.54738805443048 1.26633498491719 1.37945395382121 1.67888371087611 1.50688378675841 1.38365635927767 0 1.82050372264348 1.7167802543845 1.79109256411903 1.18480465305038 1.63793995324522 1.0032150822226 1.48122128122486 1.31698446930386 1.85354521661066 1.46423208061606 1.21572119230404
1.05238432507031 1.70014499779791 1.68012620718218 1.19416414550506 0.960045256186277 1.04615150089376 0.983080103294924 1.91219950770028 1.76806827494875 1.0828950884752 1.84256360423751 1.61815489269793 1.27749388944358 1.42731270589866 1.65205033333041 1.56039192900062 1.3261733930558 1.61906076269224 1.82050372264348 0 1.35338980169035 1.10057993908413 1.41218645335175 0.969843064201996 1.54238108801655 1.40195815917104 0.975504664471373 1.38200887176208 1.44613928464241 1.51301479432732
1.40225571510382 1.12003197334707 1.88293836149387 1.22912691370584 1.7860275763087 1.83226701174863 1.72651768685319 1.18315889127553 1.50031098769978 1.45380569901317 1.41287831636146 1.75353552214801 1.89360161940567 1.2802416132763 1.6211924420204 1.17852209485136 1.33567319181748 1.34367144433782 1.7167802543845 1.35338980169035 0 1.29165386990644 1.3512739688158 1.88998126308434 1.47093617916107 1.82986797927879 1.20234249113128 1.09016602439806 1.87044239835814 1.85547794261947
1.23553670034744 1.93810600577854 1.07554336427711 1.07371351006441 1.27617982192896 1.05879370030016 1.75516528054141 1.57051337673329 1.56619288772345 1.94449824187905 1.00591911165975 1.06434695865028 1.09655613009818 1.69549180218019 1.08363429806195 1.30209818272851 0.954613758251071 1.52499591046944 1.79109256411903 1.10057993908413 1.29165386990644 0 1.40027091559023 0.977799465414137 1.42236150288954 1.15605091769248 1.9092025551945 1.2966169049032 1.05869207787327 1.86371766915545
1.5085056591779 0.950223559048027 1.72945793461986 1.81073626084253 1.54347019968554 1.23185206903145 1.72956558922306 1.19373291661032 1.16503529134206 1.14506023866124 0.949845971539617 1.51624025567435 1.5444081351161 1.81726890662685 1.88443619268946 1.55184513540007 1.28702385374345 1.55623038113117 1.18480465305038 1.41218645335175 1.3512739688158 1.40027091559023 0 1.94214114127681 1.25212478078902 1.19011922576465 0.966882759705186 1.23224260215648 1.625802799128 1.70848252787255
1.44478692510165 1.501844140701 1.21042874711566 1.04612905485556 1.42029434419237 1.42443850915879 1.37575574708171 1.55619357177056 1.90546919265762 0.966698776464909 1.93150620697998 1.72474195319228 1.58776718564332 1.94004144496284 1.22416553553194 0.951744585996494 1.89318711054511 1.64086295687594 1.63793995324522 0.969843064201996 1.88998126308434 0.977799465414137 1.94214114127681 0 1.16629737266339 1.45947899087332 1.75105895590968 1.29752395674586 1.17624227260239 1.86905988398939
0.996234423248097 1.0184513241984 1.54313479922712 1.64617275306955 1.67740747448988 1.51979352044873 1.94340522028506 1.30265887686983 1.89362227846868 1.12716519786045 1.3524381343741 1.58964753663167 1.62243178323843 1.87989412108436 1.15401377994567 1.71035330439918 1.71673288405873 1.05467038042843 1.0032150822226 1.54238108801655 1.47093617916107 1.42236150288954 1.25212478078902 1.16629737266339 0 1.45495305559598 1.66047547128983 1.25001021660864 1.3685626196675 1.53178832493722
1.17025361652486 1.78126479452476 1.82532510836609 1.32715306337923 1.06319398176856 1.79139155545272 1.56149029848166 1.08402403257787 1.37373207276687 0.966184223769233 1.45309029496275 1.41379466839135 0.999566822545603 1.76324550295249 1.53000279329717 1.23525132867508 1.90610022027977 1.73335550003685 1.48122128122486 1.40195815917104 1.82986797927879 1.15605091769248 1.19011922576465 1.45947899087332 1.45495305559598 0 1.48119613877498 1.4858054111246 1.64326375233941 1.33203868172131
1.66853777109645 1.74374385736883 1.32323399558663 1.41813330724835 1.14090864057653 1.70391149958596 1.2885483331047 1.1037264582701 1.34505299595185 1.21051708748564 1.0318865259178 1.69020708464086 1.7750891984906 1.47815953870304 1.30922733643092 1.19035299145617 1.86115846084431 1.18122930475511 1.31698446930386 0.975504664471373 1.20234249113128 1.9092025551945 0.966882759705186 1.75105895590968 1.66047547128983 1.48119613877498 0 1.8743785135448 1.51953986496665 1.20938662579283
1.26593199651688 1.0201325211674 1.79495788016357 1.59630283224396 1.25618987856433 1.72746901540086 0.990360249299556 1.43909183749929 1.34630359802395 1.11308334651403 1.83713665488176 1.80558773805387 1.59105363907292 1.86665366194211 1.41122280294076 1.21841849386692 1.02639496559277 1.76132107852027 1.85354521661066 1.38200887176208 1.09016602439806 1.2966169049032 1.23224260215648 1.29752395674586 1.25001021660864 1.4858054111246 1.8743785135448 0 1.03987146774307 1.2807735837996
1.02971646818332 1.60602625319734 1.32739630271681 1.49066186137497 1.66095567308366 1.54060602444224 0.964483653660864 1.48877275455743 1.76344482577406 1.44679859443568 1.73209926183335 1.0788822628092 1.79392081755213 1.22004452813417 1.43911922140978 1.60275884415023 1.63783208513632 1.68654393078759 1.46423208061606 1.44613928464241 1.87044239835814 1.05869207787327 1.625802799128 1.17624227260239 1.3685626196675 1.64326375233941 1.51953986496665 1.03987146774307 0 1.28812508843839
1.59762869495898 1.73261646390893 1.46481977612711 1.21541490242817 1.88562579872087 1.73631042381749 1.41054760059342 1.74134175293148 0.997318943729624 1.54770266171545 1.47322907345369 1.1322988322936 1.11028583045118 1.56791469175369 1.83961767377332 1.57310976041481 1.12039256584831 1.03783989697695 1.21572119230404 1.51301479432732 1.85547794261947 1.86371766915545 1.70848252787255 1.86905988398939 1.53178832493722 1.33203868172131 1.20938662579283 1.2807735837996 1.28812508843839 0
