0 1.82209935830906 1.57998231542297 0.956155500840396 1.73219989845529 0.925384267000481 1.65016536018811 1.49247513478622 1.77044166368432 1.90344855305739 1.06273560062982 1.03834229614586 1.67193202581257 1.63884584303014 0.909543108427897 1.31140156392939 0.925535104470327 1.84914993867278 1.4167861614842 1.15634854952805 1.66620307858102 1.59463353268802 1.62827079393901 1.01933653582819 1.22441158560105 1.80552026838996 1.26611263304949 1.49181288271211 1.01448237150908 1.86025021853857
1.82209935830906 0 1.34481628402136 1.19788422365673 1.82880037929863 1.48143596015871 1.89514409238473 1.17558132461272 1.78976112860255 1.17233510641381 1.29369468824007 1.47089531156234 1.82865735911764 1.07391849905252 1.83643779531121 1.86615630891174 0.975328752305359 1.07605862570927 0.932014731923118 1.44411162752658 1.85095755266957 1.8876878763549 1.37302564317361 1.6020523221232 1.60481440462172 1.42510090116411 1.85162372584455 1.74641260760836 1.03468076814897 1.00648546242155
1.57998231542297 1.34481628402136 0 1.14404795435257 1.56280295038596 1.38456543115899 0.917687213048339 1.02626219927333 1.61065458972007 1.01819220371544 1.10907709551975 1.9037887789309 1.58941013528965 1.26052388735116 1.51460251794197 1.31130373058841 1.28663837420754 1.24227491952479 1.05316432472318 1.32792135607451 1.42265804461204 1.50615084078163 1.11155971046537 1.15736964764073 1.71935566980392 1.90495047345757 1.4539866684936 0.952320581534877 1.28460261016153 0.999251276021823
0.956155500840396 1.19788422365673 1.14404795435257 0 1.5328808920458 1.6692321752198 1.39867998985574 1.82216623192653 1.17179714306258 1.89715063315816 1.73688621679321 0.969802027568221 0.916256357450038 1.22868576063775 1.44587580533698 1.16268995264545 1.38331525889225 1.54538926226087 1.71175158466212 1.64219714235514 1.00862299627624 1.48602933087386 1.5658024456352 1.58770075207576 0.943001827923581 1.08076583012007 1.35344096412882 1.60252774553373 1.82588470028713 0.951617632759735
1.73219989845529 1.82880037929863 1.56280295038596 1.5328808920458 0 1.01704371161759 1.1815403024666 1.50179323926568 1.75405509443954 1.45256101759151 1.36138061410747 0.966250174446031 1.21434385096654 1.30952503345907 1.03065425646491 1.09196832729504 1.82137484266423 1.24290995369665 1.70880639925599 1.3262067376636 1.35915076546371 1.25842925021425 1.31221628026105 1.1656561542768 1.83193312748335 1.66223948961124 1.38698242395185 1.72081803181209 1.48059765086509 1.26687525957823
0.925384267000481 1.48143596015871 1.38456543115899 1.6692321752198 1.01704371161759 0 1.45353167923167 1.42859632638283 1.53548770770431 1.52792890858836 1.6364548378624 1.64063793327659 1.23720643110573 1.51726895337924 1.49096839642152 1.07577362284064 1.32441602624021 1.5267307665199 1.46252978220582 1.73790127807297 1.79632161860354 1.18869898002595 1.29946698900312 1.8200874812901 1.32595565449446 1.47665601759218 1.384122797288 1.57270257803611 0.993937246967107 1.44793887156993
1.65016536018811 1.89514409238473 0.917687213048339 1.39867998985574 1.1815403024666 1.45353167923167 0 1.0684819498565 1.20897263358347 0.957870333222672 1.52564255590551 1.35937038925476 1.32756990683265 1.81415448430926 1.86106791556813 1.15287206578068 1.36388984345831 1.18412938714027 1.20898756408133 1.01387697947212 1.17268929746933 0.95590980281122 1.13857777230442 1.63972479361109 0.971744524315 1.24137683818117 1.33517374377698 1.62451616954058 1.61005807784386 1.25637355493382
1.49247513478622 1.17558132461272 1.02626219927333 1.82216623192653 1.50179323926568 1.42859632638283 1.0684819498565 0 1.05713547114283 1.70530762523413 1.23662548442371 1.81720024044625 1.17576318583451 1.83352357754484 1.41036092746072 1.78448557644151 1.56140422914177 1.07036150270142 1.43889570096508 1.36333869840018 1.39655792526901 1.22415832197294 1.26224713795818 1.7234487447422 1.49649200355634 1.59554110141471 1.44960113242269 1.66012733336538 1.56887697032653 1.61360934120603
1.77044166368432 1.78976112860255 1.61065458972007 1.17179714306258 1.75405509443954 1.53548770770431 1.20897263358347 1.05713547114283 0 1.43533314531669 1.54953077854589 1.20538799604401 1.20187059510499 1.49961914750747 1.88246912159957 1.84137943643145 1.52358368295245 1.11205911706202 1.41415587952361 1.42003854643553 1.03645324404351 1.68392361723818 1.57148644514382 1.07560127810575 1.85636608116329 1.08913161884993 1.3320066225715 1.62162243388593 1.41348313819617 1.13642201106995
1.90344855305739 1.17233510641381 1.01819220371544 1.89715063315816 1.45256101759151 1.52792890858836 0.957870333222672 1.70530762523413 1.43533314531669 0 1.84089056402445 1.81573837413453 1.43568249535747 1.09977538557723 1.22514458955266 1.08027352183126 1.43900373578072 1.59546332946047 1.39035297860391 1.86915369168855 1.81807902269065 1.38565832609311 1.13856622995809 1.62724562129006 0.968958768527955 1.23108838591725 1.3847085563466 1.07602306664921 1.49783049337566 1.07151265046559
1.06273560062982 1.29369468824007 1.10907709551975 1.73688621679321 1.36138061410747 1.6364548378624 1.52564255590551 1.23662548442371 1.54953077854589 1.84089056402445 0 1.42048683948815 1.25201415573247 1.2280297758989 1.27899346197955 1.72411530045792 0.978586469544098 1.33714689989574 1.70143333706073 1.81404332560487 1.69181583216414 1.80168154928833 1.58478786516935 1.59956482076086 1.16779886488803 1.28497963771224 1.63626725180075 0.943951665656641 1.42496337881312 1.26477203471586
1.03834229614586 1.47089531156234 1.9037887789309 0.969802027568221 0.966250174446031 1.64063793327659 1.35937038925476 1.81720024044625 1.20538799604401 1.81573837413453 1.42048683948815 0 1.3052545604296 1.70622841757722 0.908153006108478 1.43843216332607 1.31762664509006 1.88533418090083 1.32681009429507 1.78158177924342 1.86059656692669 1.66790502425283 1.0090621735435 0.946937992237508 1.15812005707994 1.27702175430022 0.966368886874989 1.30458535137586 1.90568886161782 1.35435114428401
1.67193202581257 1.82865735911764 1.58941013528965 0.916256357450038 1.21434385096654 1.23720643110573 1.32756990683265 1.17576318583451 1.20187059510499 1.43568249535747 1.25201415573247 1.3052545604296 0 1.40515862917528 1.79667298612185 1.31718179071322 1.10677954088897 1.08751923567615 1.29819138976745 1.42437722091563 1.17238200874999 1.43120468454435 1.51911955582909 1.13328741490841 1.82818488986231 1.08337709028274 1.88948911358602 1.38326747342944 1.00860525434837 1.38933599856682
1.63884584303014 1.07391849905252 1.26052388735116 1.22868576063775 1.30952503345907 1.51726895337924 1.81415448430926 1.83352357754484 1.49961914750747 1.09977538557723 1.2280297758989 1.70622841757722 1.40515862917528 0 1.12900407146662 1.06897340761498 1.66173070296645 1.2862869144883 1.08295561978593 1.49855345836841 1.73045637179166 1.58643501671031 1.04509591171518 1.53314116154797 1.3665071555879 1.48420421755873 1.12966156308539 1.53639804036357 1.31569810234942 1.60498694865964
0.909543108427897 1.83643779531121 1.51460251794197 1.44587580533698 1.03065425646491 1.49096839642152 1.86106791556813 1.41036092746072 1.88246912159957 1.22514458955266 1.27899346197955 0.908153006108478 1.79667298612185 1.12900407146662 0 1.49510355852544 0.932116839569062 1.38093561329879 1.15567524451762 1.38472765870392 1.74373009731062 1.51983519573696 1.77503327606246 1.60321308253333 1.57184650120325 1.10753787658177 0.958840274950489 1.06151606119238 1.86807536403649 1.0955079740379
1.31140156392939 1.86615630891174 1.31130373058841 1.16268995264545 1.09196832729504 1.07577362284064 1.15287206578068 1.78448557644151 1.84137943643145 1.08027352183126 1.72411530045792 1.43843216332607 1.31718179071322 1.06897340761498 1.49510355852544 0 1.32047664700076 1.05491639859974 1.04018429177813 1.06325468001887 1.33062408515252 0.95810029655695 1.00150581914932 1.52870944165625 1.56506917136721 1.34893546043895 1.42761127464473 1.81004724442028 0.988715670071542 1.21002575964667
0.925535104470327 0.975328752305359 1.28663837420754 1.38331525889225 1.82137484266423 1.32441602624021 1.36388984345831 1.56140422914177 1.52358368295245 1.43900373578072 0.978586469544098 1.31762664509006 1.10677954088897 1.66173070296645 0.932116839569062 1.32047664700076 0 1.55790363182314 1.49881384242326 1.11702608317137 1.48556326702237 1.7383579055313 1.04555067885667 1.18424705881625 1.28029909543693 1.08688675123267 1.04404881992377 1.27957223076373 1.59655205719173 1.71334476023912
1.84914993867278 1.07605862570927 1.24227491952479 1.54538926226087 1.24290995369665 1.5267307665199 1.18412938714027 1.07036150270142 1.11205911706202 1.59546332946047 1.33714689989574 1.88533418090083 1.08751923567615 1.2862869144883 1.38093561329879 1.05491639859974 1.55790363182314 0 1.02480952884071 1.88082289136946 1.2906858464703 1.49405355704948 1.20905003231019 0.938396188663319 1.75168014015071 1.20357399340719 1.50701009505428 1.70675049652345 1.3514185056556 1.69265953195281
1.4167861614842 0.932014731923118 1.05316432472318 1.71175158466212 1.70880639925599 1.46252978220582 1.20898756408133 1.43889570096508 1.41415587952361 1.39035297860391 1.70143333706073 1.32681009429507 1.29819138976745 1.08295561978593 1.15567524451762 1.04018429177813 1.49881384242326 1.02480952884071 0 1.69824199797586 1.38829629449174 1.56478807446547 1.06387737253681 1.24968603649177 1.62383412080817 1.62614707741886 1.60510533908382 1.14714150805958 1.10025027580559 1.33690410829149
1.15634854952805 1.44411162752658 1.32792135607451 1.64219714235514 1.3262067376636 1.73790127807297 1.01387697947212 1.36333869840018 1.42003854643553 1.86915369168855 1.81404332560487 1.78158177924342 1.42437722091563 1.49855345836841 1.38472765870392 1.06325468001887 1.11702608317137 1.88082289136946 1.69824199797586 0 1.23791283392347 1.65620403550565 1.23220301163383 1.89830120000988 1.62357575749047 1.49692010390572 1.00957125751302 1.86126176267862 1.41284483973868 1.43104767240584
1.66620307858102 1.85095755266957 1.42265804461204 1.00862299627624 1.35915076546371 1.79632161860354 1.17268929746933 1.39655792526901 1.03645324404351 1.81807902269065 1.69181583216414 1.86059656692669 1.17238200874999 1.73045637179166 1.74373009731062 1.33062408515252 1.48556326702237 1.2906858464703 1.38829629449174 1.23791283392347 0 1.26598876691423 1.00157394865528 0.966974562732503 1.33593829954043 1.78252885583788 1.65183292445727 1.07092226319946 1.1220660416875 1.51179926749319
1.59463353268802 1.8876878763549 1.50615084078163 1.48602933087386 1.25842925021425 1.18869898002595 0.95590980281122 1.22415832197294 1.68392361723818 1.38565832609311 1.80168154928833 1.66790502425283 1.43120468454435 1.58643501671031 1.51983519573696 0.95810029655695 1.7383579055313 1.49405355704948 1.56478807446547 1.65620403550565 1.26598876691423 0 1.14788936404511 1.36607140791602 1.36693037534133 1.44917409517802 1.43642484862357 0.91597097623162 1.75678954808973 1.63253536564298
1.62827079393901 1.37302564317361 1.11155971046537 1.5658024456352 1.31221628026105 1.29946698900312 1.13857777230442 1.26224713795818 1.57148644514382 1.13856622995809 1.58478786516935 1.0090621735435 1.51911955582909 1.04509591171518 1.77503327606246 1.00150581914932 1.04555067885667 1.20905003231019 1.06387737253681 1.23220301163383 1.00157394865528 1.14788936404511 0 1.67590852826834 1.03704917244613 1.32936365576461 1.58336589043029 1.5487015589606 1.75630465894938 1.15247832867317
1.01933653582819 1.6020523221232 1.15736964764073 1.58770075207576 1.1656561542768 1.8200874812901 1.63972479361109 1.7234487447422 1.07560127810575 1.62724562129006 1.59956482076086 0.946937992237508 1.13328741490841 1.53314116154797 1.60321308253333 1.52870944165625 1.18424705881625 0.938396188663319 1.24968603649177 1.89830120000988 0.966974562732503 1.36607140791602 1.67590852826834 0 1.75014442321844 1.34839059715159 1.75665384484455 0.97580370795913 1.62786110956222 1.29658959200606
1.22441158560105 1.60481440462172 1.71935566980392 0.943001827923581 1.83193312748335 1.32595565449446 0.971744524315 1.49649200355634 1.85636608116329 0.968958768527955 1.16779886488803 1.15812005707994 1.82818488986231 1.3665071555879 1.57184650120325 1.56506917136721 1.28029909543693 1.75168014015071 1.62383412080817 1.62357575749047 1.33593829954043 1.36693037534133 1.03704917244613 1.75014442321844 0 1.56496381340548 1.06876813806593 1.52979665412568 1.47120031481609 1.22961308364756
1.80552026838996 1.42510090116411 1.90495047345757 1.08076583012007 1.66223948961124 1.47665601759218 1.24137683818117 1.59554110141471 1.08913161884993 1.23108838591725 1.28497963771224 1.27702175430022 1.08337709028274 1.48420421755873 1.10753787658177 1.34893546043895 1.08688675123267 1.20357399340719 1.62614707741886 1.49692010390572 1.78252885583788 1.44917409517802 1.32936365576461 1.34839059715159 1.56496381340548 0 0.932793234707788 1.24937859526835 1.05974664608948 1.56182613736019
1.26611263304949 1.85162372584455 1.4539866684936 1.35344096412882 1.38698242395185 1.384122797288 1.33517374377698 1.44960113242269 1.3320066225715 1.3847085563466 1.63626725180075 0.966368886874989 1.88948911358602 1.12966156308539 0.958840274950489 1.42761127464473 1.04404881992377 1.50701009505428 1.60510533908382 1.00957125751302 1.65183292445727 1.43642484862357 1.58336589043029 1.75665384484455 1.06876813806593 0.932793234707788 0 1.57066036504693 1.14020829834044 1.22742043435574
1.49181288271211 1.74641260760836 0.952320581534877 1.60252774553373 1.72081803181209 1.57270257803611 1.62451616954058 1.66012733336538 1.62162243388593 1.07602306664921 0.943951665656641 1.30458535137586 1.38326747342944 1.53639804036357 1.06151606119238 1.81004724442028 1.27957223076373 1.70675049652345 1.14714150805958 1.86126176267862 1.07092226319946 0.91597097623162 1.5487015589606 0.97580370795913 1.52979665412568 1.24937859526835 1.57066036504693 0 1.7977838225197 1.62568961433135
1.01448237150908 1.03468076814897 1.28460261016153 1.82588470028713 1.48059765086509 0.993937246967107 1.61005807784386 1.56887697032653 1.41348313819617 1.49783049337566 1.42496337881312 1.90568886161782 1.00860525434837 1.31569810234942 1.86807536403649 0.988715670071542 1.59655205719173 1.3514185056556 1.10025027580559 1.41284483973868 1.1220660416875 1.75678954808973 1.75630465894938 1.62786110956222 1.47120031481609 1.05974664608948 1.14020829834044 1.7977838225197 0 1.85858991066925
1.86025021853857 1.00648546242155 0.999251276021823 0.951617632759735 1.26687525957823 1.44793887156993 1.25637355493382 1.61360934120603 1.13642201106995 1.07151265046559 1.26477203471586 1.35435114428401 1.38933599856682 1.60498694865964 1.0955079740379 1.21002575964667 1.71334476023912 1.69265953195281 1.33690410829149 1.43104767240584 1.51179926749319 1.63253536564298 1.15247832867317 1.29658959200606 1.22961308364756 1.56182613736019 1.22742043435574 1.62568961433135 1.85858991066925 0
