0 1.4392311994452 1.41396901779808 1.66467668255791 1.72755185351707 1.58396816556342 1.81876193429343 1.27996039041318 1.13497783383355 1.6396594485268 1.28653293545358 1.38715742016211 1.35354884108528 1.47273825411685 1.85037410352379 1.56423596455716 1.77567641506903 1.76075939857401 1.18475112365559 1.27518747095019 1.25596394995227 1.79538364498876 1.48175499890931 1.04246168886311 1.24755869945511 1.19684857316315 1.54723225859925 1.3728149861563 0.96976454439573 1.55378163396381
1.4392311994452 0 1.38135601417162 1.24391347379424 1.51458019693382 1.23842282383703 1.94713001442142 1.44486228143796 1.62965161935426 1.18534217774868 1.31142724188976 1.24542698659934 1.32455983478576 1.45159274060279 1.67392685567029 1.61216754862107 1.44974563783035 1.19838083791547 1.94818635191768 1.88722905749455 1.43694806611165 1.13538593566045 1.04545857710764 1.72951749712229 1.60178975621238 1.49187895981595 1.52577120088972 1.4791645493824 1.93048667581752 1.87765198200941
1.41396901779808 1.38135601417162 0 1.26805726368912 1.18561736820266 1.34689666843042 1.41609741770662 1.13178151217289 1.05426585534588 1.36684070737101 1.42770757339895 1.56222040718421 1.46164801623672 1.40489076822996 1.51960745034739 1.57694569020532 1.69205755740404 1.36102905357257 1.86474844976328 1.87773115257733 1.76967734494247 1.16362759331241 1.56386957038194 0.966650318820029 1.73608494014479 1.18308729771525 1.74567555356771 1.394488948863 1.81558567215689 1.1223772035446
1.66467668255791 1.24391347379424 1.26805726368912 0 1.8343390240334 1.7319982952904 1.89995967620052 1.36571887508035 1.83205410535447 1.71044085384347 1.4585371913854 1.09216976119205 1.1795983791817 1.22570551396348 0.983513433253393 1.3208109587431 1.14879828807898 1.22957878909074 1.004990916932 1.72472047642805 1.53059795638546 1.32950618863106 0.972417846089229 1.81132208416238 1.24507674854249 1.4118651910685 1.08445626986213 1.63005643361248 1.66128483763896 1.93440297455527
1.72755185351707 1.51458019693382 1.18561736820266 1.8343390240334 0 1.803037422942 1.11561995535158 1.66733090137132 1.38084896327928 1.3092688464094 1.73833282454871 1.89919151575305 1.5835643527098 1.13001736043952 1.48578684870154 1.34730414277874 1.43678509187885 1.37066984758712 1.43797330488451 1.06969568366185 1.44267912022769 1.55123179475777 1.06361422734335 1.42614139127545 1.51600305293687 1.09301793575287 1.73043746477924 0.987926655216143 1.86568856425583 1.03583579394035
1.58396816556342 1.23842282383703 1.34689666843042 1.7319982952904 1.803037422942 0 1.22474392363802 1.24179963115603 1.52150543732569 1.56712792208418 1.36551436153241 1.63556886278093 1.75279527367093 1.0490847050678 1.4454218975734 1.83524471381679 1.8217735439539 1.48402031022124 1.22070630313829 1.1219892539084 1.47376887500286 0.957914747763425 1.04429766838439 1.14152770233341 1.93383205193095 1.54117905697785 1.24903883761726 1.62590987165459 1.12602073838934 1.29709071619436
1.81876193429343 1.94713001442142 1.41609741770662 1.89995967620052 1.11561995535158 1.22474392363802 0 1.58448192919604 1.1299096881412 1.35258110775612 1.07405762816779 1.78384665586054 1.41683238931 1.24930893513374 1.73173508769833 1.08651551837102 1.398960984312 1.11212724866346 1.50440996303223 0.988800399703905 1.3149797252845 1.80395835521631 1.23251620540395 1.86430864036083 1.11858081398532 1.58053911686875 1.83137074718252 1.49541220325045 1.6961051444523 1.23218617169186
1.27996039041318 1.44486228143796 1.13178151217289 1.36571887508035 1.66733090137132 1.24179963115603 1.58448192919604 0 1.05992449400946 1.62343199667521 1.03978821611963 0.95654539228417 1.5531764482148 1.77160846558399 1.58439841121435 1.39543055207469 1.19365622592159 1.29031738871709 1.88860613224097 1.24344631796703 1.68215704755858 1.78456262871623 1.42087920592166 1.71809983695857 0.975758451968431 1.01425904966891 1.28727873601019 1.22316634375602 1.7252287263982 0.994376443326473
1.13497783383355 1.62965161935426 1.05426585534588 1.83205410535447 1.38084896327928 1.52150543732569 1.1299096881412 1.05992449400946 0 1.83626758842729 1.63377267844044 1.50103544280864 1.77085484820418 1.50898714107461 0.977203896734864 1.50138046150096 1.71765339863487 1.90447389683686 1.34064771956764 1.40597450500354 1.17063029087149 1.01486293319613 1.48963160137646 1.56159002287313 1.69897705200128 1.70804405864328 0.981180280912668 1.58615613309667 1.53185159806162 1.86839484400116
1.6396594485268 1.18534217774868 1.36684070737101 1.71044085384347 1.3092688464094 1.56712792208418 1.35258110775612 1.62343199667521 1.83626758842729 0 1.80084328050725 1.82743488345295 1.69565649959259 0.986751338467002 1.19004005286843 1.28468335536309 1.6046452880837 1.27952647232451 1.17571755801328 1.73525863536634 1.84082139609382 1.41377729247324 1.16496849595569 1.35096744913608 1.26274528261274 1.80247340770438 1.93886827002279 1.02199574839324 1.69757880293764 1.16463436163031
1.28653293545358 1.31142724188976 1.42770757339895 1.4585371913854 1.73833282454871 1.36551436153241 1.07405762816779 1.03978821611963 1.63377267844044 1.80084328050725 0 1.87594606657512 1.25994446524419 1.94941115193069 1.2513493092265 1.07400034694001 1.26231224718504 1.30012057325803 1.57654444756918 1.39012328581885 1.38815610017627 1.67972657061182 1.42523532244377 1.75085658067837 1.17401872761548 1.43454071227461 1.46904669329524 1.31464832788333 1.0036688153632 1.85380540997721
1.38715742016211 1.24542698659934 1.56222040718421 1.09216976119205 1.89919151575305 1.63556886278093 1.78384665586054 0.95654539228417 1.50103544280864 1.82743488345295 1.87594606657512 0 1.6371293081902 1.03564025857486 1.46520860074088 1.84843839751557 1.43719751108438 1.95016366313212 1.53438840224408 1.77188697713427 1.26787893753499 1.287544664694 1.66369246551767 1.31302593252622 1.74140367377549 1.06131682358682 1.00567174749449 1.69671610044315 1.58277441584505 1.06218849052675
1.35354884108528 1.32455983478576 1.46164801623672 1.1795983791817 1.5835643527098 1.75279527367093 1.41683238931 1.5531764482148 1.77085484820418 1.69565649959259 1.25994446524419 1.6371293081902 0 1.35377741162665 1.39627739298157 1.1444463909138 1.00597068830393 1.17271196749061 1.22928903368302 1.2819735573139 1.32078420766629 1.57195089105517 0.991049787728116 1.82386856107041 1.10957558173686 1.23927101050504 1.38087289757095 1.62789397290908 1.59142692084424 1.65228569786996
1.47273825411685 1.45159274060279 1.40489076822996 1.22570551396348 1.13001736043952 1.0490847050678 1.24930893513374 1.77160846558399 1.50898714107461 0.986751338467002 1.94941115193069 1.03564025857486 1.35377741162665 0 1.2286945565138 1.94070797064342 1.15160043397918 0.976568900747225 1.04634165461175 0.971619069576263 1.89519445295446 1.58896161662415 1.43108864687383 1.49043248780072 1.16393750696443 1.75436575221829 1.60259464755654 1.26655015395954 1.5850689325016 1.10109820542857
1.85037410352379 1.67392685567029 1.51960745034739 0.983513433253393 1.48578684870154 1.4454218975734 1.73173508769833 1.58439841121435 0.977203896734864 1.19004005286843 1.2513493092265 1.46520860074088 1.39627739298157 1.2286945565138 0 1.64746867795475 1.12423452944495 1.41586867976002 1.91608908842318 1.8156626324635 1.42260951944627 1.68947419710457 1.224751340691 1.71646077930927 1.82042556349188 1.4073503264226 1.45747223356739 1.58468061359599 1.39414548664354 1.33467420539819
1.56423596455716 1.61216754862107 1.57694569020532 1.3208109587431 1.34730414277874 1.83524471381679 1.08651551837102 1.39543055207469 1.50138046150096 1.28468335536309 1.07400034694001 1.84843839751557 1.1444463909138 1.94070797064342 1.64746867795475 0 1.90201010089368 1.79050060990267 1.60044101369567 1.89851018809713 1.37144740414806 1.75401638052426 1.87508177291602 1.11634219321422 1.03457310656086 1.87873675604351 1.20144589408301 1.17132921516895 1.29845595313236 1.24383686506189
1.77567641506903 1.44974563783035 1.69205755740404 1.14879828807898 1.43678509187885 1.8217735439539 1.398960984312 1.19365622592159 1.71765339863487 1.6046452880837 1.26231224718504 1.43719751108438 1.00597068830393 1.15160043397918 1.12423452944495 1.90201010089368 0 1.2871366806794 1.37755421316251 1.21779812080786 1.69156571663916 1.03165683965199 1.32583418977447 1.59965295810252 1.43083600956015 1.46684389561415 1.68875321070664 1.32609380572103 1.30655642226338 1.27632444282062
1.76075939857401 1.19838083791547 1.36102905357257 1.22957878909074 1.37066984758712 1.48402031022124 1.11212724866346 1.29031738871709 1.90447389683686 1.27952647232451 1.30012057325803 1.95016366313212 1.17271196749061 0.976568900747225 1.41586867976002 1.79050060990267 1.2871366806794 0 1.44870940712281 1.94818797032349 1.88313044211827 1.02861970639788 1.42788225947879 1.67323667579331 0.95738222822547 1.17250888841227 0.994877383345738 1.19507942791097 1.68061217921786 1.86940719140694
1.18475112365559 1.94818635191768 1.86474844976328 1.004990916932 1.43797330488451 1.22070630313829 1.50440996303223 1.88860613224097 1.34064771956764 1.17571755801328 1.57654444756918 1.53438840224408 1.22928903368302 1.04634165461175 1.91608908842318 1.60044101369567 1.37755421316251 1.44870940712281 0 1.57220242987387 1.44905179459602 1.72218453674577 0.983764041215181 1.13332374417223 1.58915197337046 1.44172417675145 1.69132636114955 1.00772263295949 1.65566627983935 1.26419206894934
1.27518747095019 1.88722905749455 1.87773115257733 1.72472047642805 1.06969568366185 1.1219892539084 0.988800399703905 1.24344631796703 1.40597450500354 1.73525863536634 1.39012328581885 1.77188697713427 1.2819735573139 0.971619069576263 1.8156626324635 1.89851018809713 1.21779812080786 1.94818797032349 1.57220242987387 0 1.27462100493722 1.83215925539844 1.78932768851519 1.15934343216941 1.36952051101252 1.6515856878832 1.89355408074334 1.10599799198098 1.83971079625189 1.65800444572233
1.25596394995227 1.43694806611165 1.76967734494247 1.53059795638546 1.44267912022769 1.47376887500286 1.3149797252845 1.68215704755858 1.17063029087149 1.84082139609382 1.38815610017627 1.26787893753499 1.32078420766629 1.89519445295446 1.42260951944627 1.37144740414806 1.69156571663916 1.88313044211827 1.44905179459602 1.27462100493722 0 1.4883470130153 1.63781008613296 1.88446685532108 1.08098345948383 1.11907399958 1.75678247865289 1.67807738855481 1.51300047757104 1.73195437598042
1.79538364498876 1.13538593566045 1.16362759331241 1.32950618863106 1.55123179475777 0.957914747763425 1.80395835521631 1.78456262871623 1.01486293319613 1.41377729247324 1.67972657061182 1.287544664694 1.57195089105517 1.58896161662415 1.68947419710457 1.75401638052426 1.03165683965199 1.02861970639788 1.72218453674577 1.83215925539844 1.4883470130153 0 1.1947247791104 1.01137501560152 1.11983101139776 1.1768133896403 1.89375902246684 1.11485758749768 1.77886626473628 1.69482645532116
1.48175499890931 1.04545857710764 1.56386957038194 0.972417846089229 1.06361422734335 1.04429766838439 1.23251620540395 1.42087920592166 1.48963160137646 1.16496849595569 1.42523532244377 1.66369246551767 0.991049787728116 1.43108864687383 1.224751340691 1.87508177291602 1.32583418977447 1.42788225947879 0.983764041215181 1.78932768851519 1.63781008613296 1.1947247791104 0 1.69833175139502 1.51005128864199 1.5618416799698 1.25405001197942 1.9418336362578 1.07559549994767 1.28537531918846
1.04246168886311 1.72951749712229 0.966650318820029 1.81132208416238 1.42614139127545 1.14152770233341 1.86430864036083 1.71809983695857 1.56159002287313 1.35096744913608 1.75085658067837 1.31302593252622 1.82386856107041 1.49043248780072 1.71646077930927 1.11634219321422 1.59965295810252 1.67323667579331 1.13332374417223 1.15934343216941 1.88446685532108 1.01137501560152 1.69833175139502 0 1.58606967353262 1.06572006130591 1.61552679678425 1.44822334195487 1.71147530619055 1.79049000842497
1.24755869945511 1.60178975621238 1.73608494014479 1.24507674854249 1.51600305293687 1.93383205193095 1.11858081398532 0.975758451968431 1.69897705200128 1.26274528261274 1.17401872761548 1.74140367377549 1.10957558173686 1.16393750696443 1.82042556349188 1.03457310656086 1.43083600956015 0.95738222822547 1.58915197337046 1.36952051101252 1.08098345948383 1.11983101139776 1.51005128864199 1.58606967353262 0 1.50723097287118 1.85787488170899 1.18332097353414 1.32909218315035 1.90663488069549
1.19684857316315 1.49187895981595 1.18308729771525 1.4118651910685 1.09301793575287 1.54117905697785 1.58053911686875 1.01425904966891 1.70804405864328 1.80247340770438 1.43454071227461 1.06131682358682 1.23927101050504 1.75436575221829 1.4073503264226 1.87873675604351 1.46684389561415 1.17250888841227 1.44172417675145 1.6515856878832 1.11907399958 1.1768133896403 1.5618416799698 1.06572006130591 1.50723097287118 0 1.84526069625281 1.78809641161934 1.63032970298082 1.88171622669324
1.54723225859925 1.52577120088972 1.74567555356771 1.08445626986213 1.73043746477924 1.24903883761726 1.83137074718252 1.28727873601019 0.981180280912668 1.93886827002279 1.46904669329524 1.00567174749449 1.38087289757095 1.60259464755654 1.45747223356739 1.20144589408301 1.68875321070664 0.994877383345738 1.69132636114955 1.89355408074334 1.75678247865289 1.89375902246684 1.25405001197942 1.61552679678425 1.85787488170899 1.84526069625281 0 1.0627139415592 1.00880684610456 1.49678385979496
1.3728149861563 1.4791645493824 1.394488948863 1.63005643361248 0.987926655216143 1.62590987165459 1.49541220325045 1.22316634375602 1.58615613309667 1.02199574839324 1.31464832788333 1.69671610044315 1.62789397290908 1.26655015395954 1.58468061359599 1.17132921516895 1.32609380572103 1.19507942791097 1.00772263295949 1.10599799198098 1.67807738855481 1.11485758749768 1.9418336362578 1.44822334195487 1.18332097353414 1.78809641161934 1.0627139415592 0 1.42390632210299 1.56382598332129
0.96976454439573 1.93048667581752 1.81558567215689 1.66128483763896 1.86568856425583 1.12602073838934 1.6961051444523 1.7252287263982 1.53185159806162 1.69757880293764 1.0036688153632 1.58277441584505 1.59142692084424 1.5850689325016 1.39414548664354 1.29845595313236 1.30655642226338 1.68061217921786 1.65566627983935 1.83971079625189 1.51300047757104 1.77886626473628 1.07559549994767 1.71147530619055 1.32909218315035 1.63032970298082 1.00880684610456 1.42390632210299 0 1.31091169081628
1.55378163396381 1.87765198200941 1.1223772035446 1.93440297455527 1.03583579394035 1.29709071619436 1.23218617169186 0.994376443326473 1.86839484400116 1.16463436163031 1.85380540997721 1.06218849052675 1.65228569786996 1.10109820542857 1.33467420539819 1.24383686506189 1.27632444282062 1.86940719140694 1.26419206894934 1.65800444572233 1.73195437598042 1.69482645532116 1.28537531918846 1.79049000842497 1.90663488069549 1.88171622669324 1.49678385979496 1.56382598332129 1.31091169081628 0
