0 1.37637153733522 1.21600727178156 1.7375595131889 1.20139421150088 1.82217179518193 1.82786398124881 1.40472503565252 1.87483761366457 0.909855407197028 1.09067258704454 1.03497541253455 1.30151156103238 1.31724620144814 1.68637499469332 1.25998947164044 1.77971243066713 1.16789225349203 1.38279214152135 1.35776429041289 1.22698484756984 1.5312646960374 1.05183027964085 1.52390575991012 1.35219059535302 1.87450616876595 1.78492744173855 1.42250663391314 1.19670942844823 1.54272571858019
1.37637153733522 0 1.12098505208269 1.53704228019342 1.62172857369296 1.71331579238176 1.36628013779409 1.56413730653003 1.56670229882002 1.70120316557586 1.00443231314421 1.28986439597793 1.00031940941699 1.52135597658344 1.35603180970065 1.2740976496134 0.982955019455403 0.906995738390833 1.67573092505336 1.11474080686457 1.33298835833557 1.00538171688095 1.44271065294743 1.08472001412883 1.01568463933654 1.34013181179762 1.79681188706309 1.23422545893118 1.75705175893381 0.935229275142774
1.21600727178156 1.12098505208269 0 1.58206768613309 1.29672953835689 1.78737385617569 1.24792131222785 1.61797985690646 1.24479842418805 0.926919194404036 1.25249072443694 1.4736181863118 1.70278210239485 1.70966895762831 1.1988650127314 1.09285085252486 1.74232402234338 1.39755242457613 1.39281332329847 1.57107305829413 1.18001575535163 0.915599151747301 1.11535593844019 0.917792274150997 1.10615477408282 0.971941535593942 1.86520528211258 1.20743136480451 1.15600674808957 1.28241785196587
1.7375595131889 1.53704228019342 1.58206768613309 0 1.37999978917651 1.68435101490468 1.52594755752943 1.35393238044344 1.39561889134347 1.24835160467774 1.20853541628458 0.906843664357439 0.936676960205659 0.997249769512564 1.39491689973511 0.936192259425297 1.7689951218199 1.2289421451278 1.2922479766421 1.82510155136697 1.00561912124977 1.21153764007613 1.82649376848713 1.6763562806882 1.67807723535225 1.66482956428081 1.73730068141595 1.26633926550858 1.19616314466111 1.3260764661245
1.20139421150088 1.62172857369296 1.29672953835689 1.37999978917651 0 1.69911054940894 1.58771433215588 1.04893776937388 1.0420534464065 1.06050786934793 0.894401251804084 1.57248593773693 1.14823975670151 0.99766612588428 1.18334834324196 1.73479682393372 0.88816258800216 1.73115055821836 1.09585978882387 1.69718108861707 1.5034990280401 1.59741144976579 1.13137372070923 1.36595824384131 1.55399783630855 1.7510803854093 1.76986595802009 1.26459024450742 1.6379667581059 1.01260972558521
1.82217179518193 1.71331579238176 1.78737385617569 1.68435101490468 1.69911054940894 0 1.83836049283855 1.22713824361563 1.28892914275639 1.66959747858346 1.12796363467351 1.06212947471067 1.51042526704259 1.33681511250325 1.18274297635071 1.03470628662035 1.68092796532437 1.29395492305048 1.08880007918924 1.55647716042586 0.896041878033429 1.62192597286776 0.908258659532294 1.34609811916016 1.26688018417917 1.17716278019361 1.33259739819914 1.42730829305947 1.5160719556734 1.32774515310302
1.82786398124881 1.36628013779409 1.24792131222785 1.52594755752943 1.58771433215588 1.83836049283855 0 0.924927397165447 1.62460894463584 1.10077450447716 1.67527951998636 1.48785980558023 1.43688980955631 1.51500814827159 1.55516150966287 1.11545279924758 1.15229786233976 1.50826934562065 1.49707594630308 1.51582595543005 1.38279958069324 1.324637548998 1.21074458328076 0.93710954952985 1.30392828630283 1.41041189106181 1.88688079337589 1.11213446152397 1.62916712788865 1.56177372345701
1.40472503565252 1.56413730653003 1.61797985690646 1.35393238044344 1.04893776937388 1.22713824361563 0.924927397165447 0 1.84398990846239 1.22043560282327 1.7516861835029 1.4801600642968 1.35800345428288 1.71021773852408 1.81572069157846 1.22357171587646 1.36980448546819 0.907686409074813 1.79523801058531 1.16793660051189 1.76592002692632 1.8226713349577 1.1242811921984 1.8620369466953 1.72830872773193 1.77658378193155 0.981492859544232 1.64946076786146 1.26860516797751 1.25982614001259
1.87483761366457 1.56670229882002 1.24479842418805 1.39561889134347 1.0420534464065 1.28892914275639 1.62460894463584 1.84398990846239 0 1.50191950984299 1.53157748444937 1.59906241227873 1.79016141034663 1.5527652897872 0.947960739023983 0.915003493661061 1.51831776183099 1.86941984994337 1.34323567291722 1.62769412226044 1.28345154668204 1.51460385532118 1.39751102728769 1.10294741741382 1.63130433880724 1.27444658847526 1.37746758712456 1.5320179106202 1.53722239565104 1.53467910736799
0.909855407197028 1.70120316557586 0.926919194404036 1.24835160467774 1.06050786934793 1.66959747858346 1.10077450447716 1.22043560282327 1.50191950984299 0 1.23391565750353 1.34011284005828 1.32396654435433 1.58379541500472 1.82784447702579 1.24999347934499 1.55927378754131 0.991450421744958 1.46941465348937 1.76949000847526 1.76364073576406 1.28972356626764 1.38757324498147 0.907122959150001 0.998780314344913 1.74872556491755 0.941086389124393 1.8417327478528 0.956169395241886 1.7987224413082
1.09067258704454 1.00443231314421 1.25249072443694 1.20853541628458 0.894401251804084 1.12796363467351 1.67527951998636 1.7516861835029 1.53157748444937 1.23391565750353 0 1.44617702672258 1.64717364404351 1.54562840890139 1.46574575453997 1.44111507642083 1.09912465861998 1.1226280843839 1.59069514111616 1.64571151928976 1.59458514116704 0.903577977325767 1.02547197439708 1.43701571482234 0.927753999363631 1.57645910023712 1.25772263295949 1.43045586789958 1.60816069832072 1.71679791226052
1.03497541253455 1.28986439597793 1.4736181863118 0.906843664357439 1.57248593773693 1.06212947471067 1.48785980558023 1.4801600642968 1.59906241227873 1.34011284005828 1.44617702672258 0 1.36908497172408 1.5287005698774 1.41993310535327 0.956772067118436 1.83718260773458 1.84617368108593 1.48285086103715 1.21164297615178 1.60937014524825 1.52084045484662 1.00694206939079 1.15200186194852 1.6856731758453 1.37675138423219 0.97244005324319 1.14281287044287 1.18292719335295 1.67550356802531
1.30151156103238 1.00031940941699 1.70278210239485 0.936676960205659 1.14823975670151 1.51042526704259 1.43688980955631 1.35800345428288 1.79016141034663 1.32396654435433 1.64717364404351 1.36908497172408 0 0.950992858037353 1.08218457340263 1.1239529941231 1.59451783075929 0.968686193460599 1.01556152943522 1.82450803322718 1.27327510691248 1.00496451603249 1.18132340861484 0.931947154924273 1.43513210956007 1.24564548977651 0.92287659808062 1.87966396310367 1.05797326564789 1.33757668593898
1.31724620144814 1.52135597658344 1.70966895762831 0.997249769512564 0.99766612588428 1.33681511250325 1.51500814827159 1.71021773852408 1.5527652897872 1.58379541500472 1.54562840890139 1.5287005698774 0.950992858037353 0 1.11295823822729 1.75884795258753 1.70784827531315 1.08473476045765 1.49462941917591 1.03848492680117 0.979637126903981 1.01497382158414 1.20215451647528 1.39488564943895 1.1433581749443 1.59470006613992 0.933534846641123 1.38340129214339 1.70091743790545 1.72332664323039
1.68637499469332 1.35603180970065 1.1988650127314 1.39491689973511 1.18334834324196 1.18274297635071 1.55516150966287 1.81572069157846 0.947960739023983 1.82784447702579 1.46574575453997 1.41993310535327 1.08218457340263 1.11295823822729 0 1.01055738260038 1.84912009933032 1.45549186854623 0.891976304585114 1.83608590415679 1.657183121657 0.933993172831833 1.59190089907497 1.50362309464253 1.16307211806998 1.73103906330653 1.45035750418901 1.45132130384445 1.8487808580976 1.25994184869342
1.25998947164044 1.2740976496134 1.09285085252486 0.936192259425297 1.73479682393372 1.03470628662035 1.11545279924758 1.22357171587646 0.915003493661061 1.24999347934499 1.44111507642083 0.956772067118436 1.1239529941231 1.75884795258753 1.01055738260038 0 1.40103642665781 1.59770827903412 1.41015564952977 0.98790864017792 1.29656742163934 1.81284867110662 1.0439203470014 1.6141159159597 1.83008934999816 1.20655189710669 1.20821102708578 1.78974339412525 1.75682986248285 1.67359809367917
1.77971243066713 0.982955019455403 1.74232402234338 1.7689951218199 0.88816258800216 1.68092796532437 1.15229786233976 1.36980448546819 1.51831776183099 1.55927378754131 1.09912465861998 1.83718260773458 1.59451783075929 1.70784827531315 1.84912009933032 1.40103642665781 0 1.22637275373563 1.29621286597103 1.01440245774575 1.33638893207535 1.0808889688924 1.14109106571414 1.26015438442118 1.21666656411253 1.08163561020046 1.39264112571254 1.05214972607791 0.999347511446103 1.61880222079344
1.16789225349203 0.906995738390833 1.39755242457613 1.2289421451278 1.73115055821836 1.29395492305048 1.50826934562065 0.907686409074813 1.86941984994337 0.991450421744958 1.1226280843839 1.84617368108593 0.968686193460599 1.08473476045765 1.45549186854623 1.59770827903412 1.22637275373563 0 1.16364307445474 1.21715359087102 1.66729897633195 1.61698931641877 1.34213043143973 1.17416657460853 0.925395724596456 1.8068936415948 1.20555071579292 0.941722851712257 1.34686025697738 0.978181721409783
1.38279214152135 1.67573092505336 1.39281332329847 1.2922479766421 1.09585978882387 1.08880007918924 1.49707594630308 1.79523801058531 1.34323567291722 1.46941465348937 1.59069514111616 1.48285086103715 1.01556152943522 1.49462941917591 0.891976304585114 1.41015564952977 1.29621286597103 1.16364307445474 0 1.40798556758091 1.48299972550012 1.05874711670913 1.3344268319197 1.17307492997497 1.72541473200545 0.893253683578223 1.71695306105539 1.15949724498205 1.03907365212217 1.77872331207618
1.35776429041289 1.11474080686457 1.57107305829413 1.82510155136697 1.69718108861707 1.55647716042586 1.51582595543005 1.16793660051189 1.62769412226044 1.76949000847526 1.64571151928976 1.21164297615178 1.82450803322718 1.03848492680117 1.83608590415679 0.98790864017792 1.01440245774575 1.21715359087102 1.40798556758091 0 1.67303031519987 1.85734000848606 1.16346386633813 1.34649255429395 1.12905334518291 1.64748636446893 0.925576231908053 1.29004583624192 1.28077323269099 1.11927613709122
1.22698484756984 1.33298835833557 1.18001575535163 1.00561912124977 1.5034990280401 0.896041878033429 1.38279958069324 1.76592002692632 1.28345154668204 1.76364073576406 1.59458514116704 1.60937014524825 1.27327510691248 0.979637126903981 1.657183121657 1.29656742163934 1.33638893207535 1.66729897633195 1.48299972550012 1.67303031519987 0 1.3904191898182 1.02615274186246 1.77715303190053 1.75681894784793 1.37982712453231 1.87276765098795 1.06207652646117 1.31629739911295 1.47444528853521
1.5312646960374 1.00538171688095 0.915599151747301 1.21153764007613 1.59741144976579 1.62192597286776 1.324637548998 1.8226713349577 1.51460385532118 1.28972356626764 0.903577977325767 1.52084045484662 1.00496451603249 1.01497382158414 0.933993172831833 1.81284867110662 1.0808889688924 1.61698931641877 1.05874711670913 1.85734000848606 1.3904191898182 0 1.49045444466174 1.38604706921615 1.17654811404645 1.52661568205804 1.87529464019462 1.22780121001415 1.74703522422351 1.0725445447024
1.05183027964085 1.44271065294743 1.11535593844019 1.82649376848713 1.13137372070923 0.908258659532294 1.21074458328076 1.1242811921984 1.39751102728769 1.38757324498147 1.02547197439708 1.00694206939079 1.18132340861484 1.20215451647528 1.59190089907497 1.0439203470014 1.14109106571414 1.34213043143973 1.3344268319197 1.16346386633813 1.02615274186246 1.49045444466174 0 1.40461138729006 1.79269888647832 1.45486920978874 1.31556666269898 1.63429535878822 1.24433360761032 1.05823471723124
1.52390575991012 1.08472001412883 0.917792274150997 1.6763562806882 1.36595824384131 1.34609811916016 0.93710954952985 1.8620369466953 1.10294741741382 0.907122959150001 1.43701571482234 1.15200186194852 0.931947154924273 1.39488564943895 1.50362309464253 1.6141159159597 1.26015438442118 1.17416657460853 1.17307492997497 1.34649255429395 1.77715303190053 1.38604706921615 1.40461138729006 0 1.71704547386616 1.19200404500589 0.95748287322931 1.26376666803844 0.900503915036097 1.74041836406104
1.35219059535302 1.01568463933654 1.10615477408282 1.67807723535225 1.55399783630855 1.26688018417917 1.30392828630283 1.72830872773193 1.63130433880724 0.998780314344913 0.927753999363631 1.6856731758453 1.43513210956007 1.1433581749443 1.16307211806998 1.83008934999816 1.21666656411253 0.925395724596456 1.72541473200545 1.12905334518291 1.75681894784793 1.17654811404645 1.79269888647832 1.71704547386616 0 0.889690653188154 0.917827319120988 1.21086447662674 1.60862498125061 1.54945660149679
1.87450616876595 1.34013181179762 0.971941535593942 1.66482956428081 1.7510803854093 1.17716278019361 1.41041189106181 1.77658378193155 1.27444658847526 1.74872556491755 1.57645910023712 1.37675138423219 1.24564548977651 1.59470006613992 1.73103906330653 1.20655189710669 1.08163561020046 1.8068936415948 0.893253683578223 1.64748636446893 1.37982712453231 1.52661568205804 1.45486920978874 1.19200404500589 0.889690653188154 0 1.39394244295545 0.952046393183991 0.911998810712248 1.68388546118513
1.78492744173855 1.79681188706309 1.86520528211258 1.73730068141595 1.76986595802009 1.33259739819914 1.88688079337589 0.981492859544232 1.37746758712456 0.941086389124393 1.25772263295949 0.97244005324319 0.92287659808062 0.933534846641123 1.45035750418901 1.20821102708578 1.39264112571254 1.20555071579292 1.71695306105539 0.925576231908053 1.87276765098795 1.87529464019462 1.31556666269898 0.95748287322931 0.917827319120988 1.39394244295545 0 1.78930038237013 1.54222165164538 1.26659261411987
1.42250663391314 1.23422545893118 1.20743136480451 1.26633926550858 1.26459024450742 1.42730829305947 1.11213446152397 1.64946076786146 1.5320179106202 1.8417327478528 1.43045586789958 1.14281287044287 1.87966396310367 1.38340129214339 1.45132130384445 1.78974339412525 1.05214972607791 0.941722851712257 1.15949724498205 1.29004583624192 1.06207652646117 1.22780121001415 1.63429535878822 1.26376666803844 1.21086447662674 0.952046393183991 1.78930038237013 0 1.6685000944417 0.999709813157097
1.19670942844823 1.75705175893381 1.15600674808957 1.19616314466111 1.6379667581059 1.5160719556734 1.62916712788865 1.26860516797751 1.53722239565104 0.956169395241886 1.60816069832072 1.18292719335295 1.05797326564789 1.70091743790545 1.8487808580976 1.75682986248285 0.999347511446103 1.34686025697738 1.03907365212217 1.28077323269099 1.31629739911295 1.74703522422351 1.24433360761032 0.900503915036097 1.60862498125061 0.911998810712248 1.54222165164538 1.6685000944417 0 1.84532571258023
1.54272571858019 0.935229275142774 1.28241785196587 1.3260764661245 1.01260972558521 1.32774515310302 1.56177372345701 1.25982614001259 1.53467910736799 1.7987224413082 1.71679791226052 1.67550356802531 1.33757668593898 1.72332664323039 1.25994184869342 1.67359809367917 1.61880222079344 0.978181721409783 1.77872331207618 1.11927613709122 1.47444528853521 1.0725445447024 1.05823471723124 1.74041836406104 1.54945660149679 1.68388546118513 1.26659261411987 0.999709813157097 1.84532571258023 0
