0 1.69297878420912 1.02538959728554 1.65002001891844 1.49320325325243 1.07522350852378 1.31167107122019 1.51611063978635 1.57825086102821 1.86223679105751 1.92488375632092 1.4649008277338 1.90990712773055 1.24487910955213 1.2286761442665 1.70502943592146 1.00188227696344 1.92284356150776 1.73465573787689 1.91456301067956 1.43124614306726 1.26894845813513 1.03683412424289 1.03882335196249 1.47817050293088 1.11168083408847 1.57029693177901 1.43387482408434 1.59684016346 1.15935413516127
1.69297878420912 0 1.63769257231615 1.07476625125855 1.14493146934547 1.92604380752891 1.0562023979146 1.62895171530545 1.90266411518678 1.6298526567407 1.09483029181138 1.89891978469677 1.48188725439832 1.20765419886447 1.62715324759483 1.92420235206373 1.23002935526893 1.04610831523314 1.63681181683205 1.56750134681351 1.46537591097876 1.43647384969518 1.07901454204693 0.985797466477379 1.3912972714752 1.28713298845105 1.09585885703564 1.30179776973091 1.40375445177779 1.37637529475614
1.02538959728554 1.63769257231615 0 1.6567314164713 0.974222316639498 1.80592646030709 1.12046723533422 0.977976119611412 1.48291348130442 1.80778368772008 1.12973158224486 1.26226066681556 0.999360539019108 1.6032526595518 1.96434226399288 1.75531811825931 1.91204614797607 1.17818625364453 1.91230322048068 1.67579256999306 1.65902389376424 1.19054339267313 1.55624459590763 1.27794512105174 1.19751392561011 1.96440181788057 1.72454420244321 1.8921500495635 1.37928584800102 1.02272776933387
1.65002001891844 1.07476625125855 1.6567314164713 0 1.23546499339864 1.81144571793266 1.2183745962102 1.09661716897972 1.23521186877042 1.2478105451446 1.58787729614414 1.15609716321342 1.58099398482591 1.67376111377962 1.07555971248075 1.89899577875622 1.96875627851114 1.94844732084312 1.35728471633047 1.52110945992172 1.87591300159693 1.21654739626683 1.68909896514378 1.39992019999772 1.67142009851523 1.0889154097531 1.4001730105374 1.61480641528033 1.19508669921197 0.981743939919397
1.49320325325243 1.14493146934547 0.974222316639498 1.23546499339864 0 1.23921529040672 1.36185479257256 1.95219843625091 1.77772991568781 1.60233891149983 1.28053404134698 1.0398994369898 1.12536579906009 1.21252127317712 1.57172230561264 1.24355056765489 1.59607371478342 1.94696815847419 1.38489967980422 1.88681743806228 1.46314877574332 1.30196647462435 1.4995266769547 1.6387038633693 1.81118602212518 1.94596600695513 1.75193537748419 1.42086356854998 1.11647995538078 1.88225010433234
1.07522350852378 1.92604380752891 1.80592646030709 1.81144571793266 1.23921529040672 0 1.41770859318785 1.53509935946204 1.82684658817016 1.76621977542527 1.520580627257 1.40877837897278 1.27160210628062 1.28765875846148 1.26450117514469 1.81359643582255 1.20961813349277 1.49061092408374 1.7360271604266 1.38411901309155 1.50427161343396 1.04348430642858 1.48770300415345 1.08620175416581 1.4597497258801 1.05532527645119 0.973998819710687 1.05776637722738 1.1412680640351 1.70577379362658
1.31167107122019 1.0562023979146 1.12046723533422 1.2183745962102 1.36185479257256 1.41770859318785 0 1.32107447250746 1.01428244588897 1.12759991874918 1.02680734544992 1.67733477894217 1.95870751258917 1.62974203168415 1.76861164346337 1.27718763868324 1.18329281103797 1.17178010963835 1.14677322516218 1.03408115636557 1.62975317472592 1.90015539294109 1.95486328587867 1.26626547798514 1.07786226831377 1.11854870710522 1.28978226939216 1.63164389552549 1.17977996007539 1.67694754712284
1.51611063978635 1.62895171530545 0.977976119611412 1.09661716897972 1.95219843625091 1.53509935946204 1.32107447250746 0 0.975558745209128 1.03795165894553 1.72065972583368 1.57739239279181 1.72180964844301 1.94406546349637 1.0825532625895 1.38852804084308 1.00320748914964 1.65074384352192 1.6148501294665 1.31105185067281 1.30433919536881 1.49140746658668 1.82755637587979 1.04214992187917 1.44778859918006 1.72381679876707 1.45054367929697 1.23813785216771 1.2806420524139 1.05351805407554
1.57825086102821 1.90266411518678 1.48291348130442 1.23521186877042 1.77772991568781 1.82684658817016 1.01428244588897 0.975558745209128 0 1.37758530187421 1.50497707468458 1.29323506471701 1.20914636971429 1.56635546195321 1.50440804683603 1.00430195010267 1.45244891615584 1.51023427862674 1.39345798268914 1.3461622451432 1.60494620678946 1.09976660716347 1.76463059266098 1.68996924487874 1.36307872459292 1.93254718882963 1.90211885422468 1.13448399538174 1.37098054587841 1.3583530895412
1.86223679105751 1.6298526567407 1.80778368772008 1.2478105451446 1.60233891149983 1.76621977542527 1.12759991874918 1.03795165894553 1.37758530187421 0 1.43208899861202 1.2230031369254 1.89247775007971 1.84823787980713 1.96077496698126 1.78689635568298 1.08424684568308 1.05137744080275 1.83133186982013 1.34781353129074 1.19884038693272 1.31540245865472 1.44893001066521 1.16091912612319 1.10532860760577 1.13842199835926 1.2755808273796 1.81963420589454 1.45260917465203 1.6933649238199
1.92488375632092 1.09483029181138 1.12973158224486 1.58787729614414 1.28053404134698 1.520580627257 1.02680734544992 1.72065972583368 1.50497707468458 1.43208899861202 0 0.983493281994015 1.20747668133117 1.55898995976895 1.72581381490454 1.49838277115487 1.30240956507623 1.86724589811638 1.91968474257737 1.7270948686637 1.75949562131427 1.22181566664949 1.96889439574443 1.37880388670601 1.61460592388175 1.14087191503495 1.96964798658155 1.55313800042495 1.49618133017793 1.40667009935714
1.4649008277338 1.89891978469677 1.26226066681556 1.15609716321342 1.0398994369898 1.40877837897278 1.67733477894217 1.57739239279181 1.29323506471701 1.2230031369254 0.983493281994015 0 1.30355659453198 1.53906373493373 1.18553473544307 1.92468739324249 1.35120377549902 1.06680766073987 1.39303815481253 1.11949177295901 1.36614538542926 1.52516702376306 1.31732215662487 1.87820093939081 1.75778529187664 0.977301326580346 1.90492034214549 1.68296243902296 1.59558965521865 1.04302238021046
1.90990712773055 1.48188725439832 0.999360539019108 1.58099398482591 1.12536579906009 1.27160210628062 1.95870751258917 1.72180964844301 1.20914636971429 1.89247775007971 1.20747668133117 1.30355659453198 0 1.30426653358154 1.28264774358831 1.81954080495052 1.23413786315359 1.30689871637151 1.26179287349805 1.36033113696612 1.57291791262105 1.82767042447813 1.26195586682297 1.56481521204114 1.2529856369365 1.12642631819472 1.59292544261552 1.70965324249119 1.61682120920159 1.81101098097861
1.24487910955213 1.20765419886447 1.6032526595518 1.67376111377962 1.21252127317712 1.28765875846148 1.62974203168415 1.94406546349637 1.56635546195321 1.84823787980713 1.55898995976895 1.53906373493373 1.30426653358154 0 1.41159358154982 1.19694778043777 1.04791340068914 1.50380198773928 1.03129306109622 1.67729981942102 1.35732790245675 1.5159510714002 1.31076115020551 1.25641991314478 1.76611639605835 1.58314365916885 1.31331968680024 1.81938895280473 1.70279866131023 1.95692022237927
1.2286761442665 1.62715324759483 1.96434226399288 1.07555971248075 1.57172230561264 1.26450117514469 1.76861164346337 1.0825532625895 1.50440804683603 1.96077496698126 1.72581381490454 1.18553473544307 1.28264774358831 1.41159358154982 0 1.56412098906003 1.77105603180826 1.10723032592796 1.48378419829533 0.974456850206479 1.92704716394655 1.69662248087116 1.27354321605526 1.38034157501534 1.66838203649968 1.49564406066202 1.93392082792707 1.17022296856157 1.4602177767083 1.18130200193264
1.70502943592146 1.92420235206373 1.75531811825931 1.89899577875622 1.24355056765489 1.81359643582255 1.27718763868324 1.38852804084308 1.00430195010267 1.78689635568298 1.49838277115487 1.92468739324249 1.81954080495052 1.19694778043777 1.56412098906003 0 1.56240409729071 1.58500431128778 1.57486246852204 1.25494414567947 1.85713611636311 1.37626617075875 1.19315107888542 1.92560690897517 1.61110603716224 1.01791886030696 1.89168436825275 1.44050401309505 1.13963774824515 1.85266030556522
1.00188227696344 1.23002935526893 1.91204614797607 1.96875627851114 1.59607371478342 1.20961813349277 1.18329281103797 1.00320748914964 1.45244891615584 1.08424684568308 1.30240956507623 1.35120377549902 1.23413786315359 1.04791340068914 1.77105603180826 1.56240409729071 0 1.5185933848843 1.20215445547365 1.00640937010758 1.91361679229885 1.08760245284066 1.24389882804826 1.10848309658468 1.00145224598236 1.00124179129489 1.50631646160036 1.34363835351542 1.76153077301569 1.55561797018163
1.92284356150776 1.04610831523314 1.17818625364453 1.94844732084312 1.94696815847419 1.49061092408374 1.17178010963835 1.65074384352192 1.51023427862674 1.05137744080275 1.86724589811638 1.06680766073987 1.30689871637151 1.50380198773928 1.10723032592796 1.58500431128778 1.5185933848843 0 1.17863353015855 1.43414920638315 1.1943196982611 1.9449494110886 1.22515415097587 1.47584983543493 1.43036112072878 1.40874828374945 1.07332682516426 1.05745024094358 1.61399206588976 1.75200055260211
1.73465573787689 1.63681181683205 1.91230322048068 1.35728471633047 1.38489967980422 1.7360271604266 1.14677322516218 1.6148501294665 1.39345798268914 1.83133186982013 1.91968474257737 1.39303815481253 1.26179287349805 1.03129306109622 1.48378419829533 1.57486246852204 1.20215445547365 1.17863353015855 0 1.43250444508158 1.27862943895161 1.96865134453401 0.97392253857106 1.88429731759243 1.70393962343223 1.38989026565105 1.4067298329901 1.53974060621113 1.32139405747876 1.92505732364953
1.91456301067956 1.56750134681351 1.67579256999306 1.52110945992172 1.88681743806228 1.38411901309155 1.03408115636557 1.31105185067281 1.3461622451432 1.34781353129074 1.7270948686637 1.11949177295901 1.36033113696612 1.67729981942102 0.974456850206479 1.25494414567947 1.00640937010758 1.43414920638315 1.43250444508158 0 1.71497340593487 1.24984760209918 1.92270069662482 1.80551868514158 1.07830094033852 1.23946408927441 1.28449737210758 1.11627979436889 1.12706556869671 1.55325060058385
1.43124614306726 1.46537591097876 1.65902389376424 1.87591300159693 1.46314877574332 1.50427161343396 1.62975317472592 1.30433919536881 1.60494620678946 1.19884038693272 1.75949562131427 1.36614538542926 1.57291791262105 1.35732790245675 1.92704716394655 1.85713611636311 1.91361679229885 1.1943196982611 1.27862943895161 1.71497340593487 0 1.57168098795228 1.07413141685538 1.66415053606033 1.62889898987487 1.01011400972493 1.67885456513613 1.89901235001162 1.33409437001683 1.47989790420979
1.26894845813513 1.43647384969518 1.19054339267313 1.21654739626683 1.30196647462435 1.04348430642858 1.90015539294109 1.49140746658668 1.09976660716347 1.31540245865472 1.22181566664949 1.52516702376306 1.82767042447813 1.5159510714002 1.69662248087116 1.37626617075875 1.08760245284066 1.9449494110886 1.96865134453401 1.24984760209918 1.57168098795228 0 1.84999510738999 1.27989062271081 1.34973027906381 1.28867801884189 1.75422831601463 1.14136320655234 1.43488356121816 1.79870074172504
1.03683412424289 1.07901454204693 1.55624459590763 1.68909896514378 1.4995266769547 1.48770300415345 1.95486328587867 1.82755637587979 1.76463059266098 1.44893001066521 1.96889439574443 1.31732215662487 1.26195586682297 1.31076115020551 1.27354321605526 1.19315107888542 1.24389882804826 1.22515415097587 0.97392253857106 1.92270069662482 1.07413141685538 1.84999510738999 0 1.40635553677566 1.31694758427329 1.33605928719044 1.36929600872099 1.96320747071877 1.85007250122726 1.31847568228841
1.03882335196249 0.985797466477379 1.27794512105174 1.39992019999772 1.6387038633693 1.08620175416581 1.26626547798514 1.04214992187917 1.68996924487874 1.16091912612319 1.37880388670601 1.87820093939081 1.56481521204114 1.25641991314478 1.38034157501534 1.92560690897517 1.10848309658468 1.47584983543493 1.88429731759243 1.80551868514158 1.66415053606033 1.27989062271081 1.40635553677566 0 1.65960125019774 1.72439994243905 1.32552262209356 1.88412421219982 1.25105827348307 1.69137666537426
1.47817050293088 1.3912972714752 1.19751392561011 1.67142009851523 1.81118602212518 1.4597497258801 1.07786226831377 1.44778859918006 1.36307872459292 1.10532860760577 1.61460592388175 1.75778529187664 1.2529856369365 1.76611639605835 1.66838203649968 1.61110603716224 1.00145224598236 1.43036112072878 1.70393962343223 1.07830094033852 1.62889898987487 1.34973027906381 1.31694758427329 1.65960125019774 0 1.60982186091132 1.68558088783175 1.67547672148794 1.16544254589826 1.88182358676568
1.11168083408847 1.28713298845105 1.96440181788057 1.0889154097531 1.94596600695513 1.05532527645119 1.11854870710522 1.72381679876707 1.93254718882963 1.13842199835926 1.14087191503495 0.977301326580346 1.12642631819472 1.58314365916885 1.49564406066202 1.01791886030696 1.00124179129489 1.40874828374945 1.38989026565105 1.23946408927441 1.01011400972493 1.28867801884189 1.33605928719044 1.72439994243905 1.60982186091132 0 1.95124727208167 1.83363530202769 1.08472969406284 1.80841887486167
1.57029693177901 1.09585885703564 1.72454420244321 1.4001730105374 1.75193537748419 0.973998819710687 1.28978226939216 1.45054367929697 1.90211885422468 1.2755808273796 1.96964798658155 1.90492034214549 1.59292544261552 1.31331968680024 1.93392082792707 1.89168436825275 1.50631646160036 1.07332682516426 1.4067298329901 1.28449737210758 1.67885456513613 1.75422831601463 1.36929600872099 1.32552262209356 1.68558088783175 1.95124727208167 0 1.09685014956631 1.25853463564999 1.03932063491084
1.43387482408434 1.30179776973091 1.8921500495635 1.61480641528033 1.42086356854998 1.05776637722738 1.63164389552549 1.23813785216771 1.13448399538174 1.81963420589454 1.55313800042495 1.68296243902296 1.70965324249119 1.81938895280473 1.17022296856157 1.44050401309505 1.34363835351542 1.05745024094358 1.53974060621113 1.11627979436889 1.89901235001162 1.14136320655234 1.96320747071877 1.88412421219982 1.67547672148794 1.83363530202769 1.09685014956631 0 1.37895017955452 1.29772642999887
1.59684016346 1.40375445177779 1.37928584800102 1.19508669921197 1.11647995538078 1.1412680640351 1.17977996007539 1.2806420524139 1.37098054587841 1.45260917465203 1.49618133017793 1.59558965521865 1.61682120920159 1.70279866131023 1.4602177767083 1.13963774824515 1.76153077301569 1.61399206588976 1.32139405747876 1.12706556869671 1.33409437001683 1.43488356121816 1.85007250122726 1.25105827348307 1.16544254589826 1.08472969406284 1.25853463564999 1.37895017955452 0 1.84253430343233
1.15935413516127 1.37637529475614 1.02272776933387 0.981743939919397 1.88225010433234 1.70577379362658 1.67694754712284 1.05351805407554 1.3583530895412 1.6933649238199 1.40667009935714 1.04302238021046 1.81101098097861 1.95692022237927 1.18130200193264 1.85266030556522 1.55561797018163 1.75200055260211 1.92505732364953 1.55325060058385 1.47989790420979 1.79870074172504 1.31847568228841 1.69137666537426 1.88182358676568 1.80841887486167 1.03932063491084 1.29772642999887 1.84253430343233 0
