0 1.76628905395046 1.14556369860657 1.13372253160924 1.81609007786028 1.7843956600409 1.84000532049686 1.25179487024434 1.77185150003061 1.36068275035359 1.81971266423352 0.91705581266433 1.41064210631885 1.72233068174683 1.50389140821062 1.02164638135582 1.37397328671068 1.7997117601335 1.31145720160566 1.14814078831114 1.02777960128151 1.80305820936337 1.31758684595115 1.89504376892 1.13276534597389 0.98168231965974 1.34185502585024 1.00323247117922 1.27590079163201 1.89000425464474
1.76628905395046 0 1.28872792376205 1.69334687967785 1.65408927062526 1.63013589452021 1.39143078704365 1.59080091980286 1.23061740305275 1.1508379932493 1.42576558166184 0.974809164647013 1.50173591496423 1.41121023683809 1.42608018242754 1.49741156981327 1.10953061282635 1.14664542349055 1.46186760277487 1.32266216468997 1.00667263148353 1.24253986100666 1.1309072766453 0.951521497685462 1.75588432024233 1.46738626318984 1.70813878555782 1.17686196742579 1.61703066201881 0.986326278420165
1.14556369860657 1.28872792376205 0 1.88360774330795 1.70415472844616 1.51462252740748 1.23350746394135 1.29045725148171 1.36920024408028 1.78450543410145 1.49076945148408 1.77462031436153 1.02127890195698 1.01123647484928 1.73200515471399 1.35625938070007 1.47062999755144 0.942562844138592 1.59831008105539 0.984304097481072 1.29562374483794 1.68988707847893 1.33733932371251 1.26144060119987 1.20684802881442 1.04274918884039 1.03390311752446 1.66839597234502 1.21319825714454 1.88564554485492
1.13372253160924 1.69334687967785 1.88360774330795 0 1.05981236719526 1.77352946600877 1.12381689925678 1.13340727449395 1.33092242386192 1.86317697586492 1.2540019149892 1.3928897511214 1.46339562744834 1.31772474665195 1.76736989966594 1.08063089288771 1.72691149124876 1.20403936482035 1.76084505650215 1.32717123767361 1.53582621738315 1.05507766082883 1.37830525287427 1.72913360618986 1.13432896905579 1.26835786597803 1.83725509722717 1.38563535758294 1.79721548804082 1.81621360266581
1.81609007786028 1.65408927062526 1.70415472844616 1.05981236719526 0 1.21015395619906 1.26033337390982 1.8958597718738 0.993698088685051 1.3908889668528 1.1971237284597 1.1718083571177 1.76561764534563 1.83605427783914 1.24380612908863 1.76565401093103 1.11545519158244 0.936779277632013 1.71143406606279 0.999009180115536 1.5808240880724 1.25962369726039 1.52730047260411 1.60573323233984 1.23154090275057 1.81454821070656 1.32666017324664 1.45340601284988 1.65542755136266 1.37639748700894
1.7843956600409 1.63013589452021 1.51462252740748 1.77352946600877 1.21015395619906 0 1.26134601933882 1.03276513726451 1.56596075277776 1.0290263837669 0.936154349474236 1.57871812395751 0.92406829725951 1.83874773723073 1.10794136952609 1.54160452354699 1.90200792672113 1.73201280971989 1.66128941508941 1.37646894017234 1.50868263980374 0.932038664584979 1.5000370470807 1.89572717645206 1.11212462233379 1.07961328770034 1.8466188646853 1.11177587113343 1.34567631455138 0.997994167963043
1.84000532049686 1.39143078704365 1.23350746394135 1.12381689925678 1.26033337390982 1.26134601933882 0 1.23978012404405 1.79607810592279 0.922634223941714 0.978861795738339 1.10311601241119 1.0429129533004 1.21031354810111 1.01947921607643 1.30786774493754 1.23610330652446 1.80310360039584 1.73001942876726 1.05727899516933 1.25428094970994 0.921592302620411 1.23142658732831 1.54217549669556 1.02669895323925 1.39985756017268 1.63977354508825 0.986988605931401 1.08844223315828 1.22986756428145
1.25179487024434 1.59080091980286 1.29045725148171 1.13340727449395 1.8958597718738 1.03276513726451 1.23978012404405 0 1.23287070076913 1.73578161559999 1.22448184131645 1.68766489834525 1.75790649442933 1.80630983691663 1.19752534269355 1.76161447633058 1.46405570348725 1.42416451917961 1.31362404720858 0.932116979500279 1.70318293035962 1.0311889606528 1.77119233249687 1.13514747447334 0.944161677034572 1.42868449818343 1.26216951827519 1.18708882853389 1.4942414520774 1.24216810427606
1.77185150003061 1.23061740305275 1.36920024408028 1.33092242386192 0.993698088685051 1.56596075277776 1.79607810592279 1.23287070076913 0 1.06992111261934 1.0513040383812 1.37504722247832 1.70364558510482 1.56110353255644 1.77281204122119 1.85435608937405 1.06793753337115 1.81300511816517 1.42975513520651 1.30738622718491 1.79463298758492 1.26642382587306 1.59997680294327 1.40064352052286 1.83461150201038 1.76465712836944 1.38830513437279 1.17442932841368 1.29588315216824 1.7421072430443
1.36068275035359 1.1508379932493 1.78450543410145 1.86317697586492 1.3908889668528 1.0290263837669 0.922634223941714 1.73578161559999 1.06992111261934 0 1.01062876079232 1.69967983360402 1.69163417816162 1.81614423263818 1.53597478987649 1.08673688792624 1.50375645281747 1.59257811796851 1.23490573582239 1.82033476303332 1.07279178663157 1.22332566906698 1.52182521438226 1.10103490087204 1.71000191615894 1.4541028093081 0.968663783511147 1.19438783312216 1.75767657719553 1.04811371956021
1.81971266423352 1.42576558166184 1.49076945148408 1.2540019149892 1.1971237284597 0.936154349474236 0.978861795738339 1.22448184131645 1.0513040383812 1.01062876079232 0 1.5133180252742 1.79310541786253 1.53913514548913 1.24469534889795 1.51417773566209 1.12090283678845 1.66653277655132 1.46132320864126 1.57679026341066 1.39443954802118 1.56372083979659 1.84454493224621 1.48011836595833 1.03305836045183 1.06455102423206 1.18040446378291 1.88114142185077 1.01006306381896 1.27603121311404
0.91705581266433 0.974809164647013 1.77462031436153 1.3928897511214 1.1718083571177 1.57871812395751 1.10311601241119 1.68766489834525 1.37504722247832 1.69967983360402 1.5133180252742 0 1.74147494183853 1.42849364294671 1.64240794349462 1.29017515107989 1.78470393829048 1.02405147440732 1.20485709724016 1.43243490811437 1.76481404551305 1.80263753794134 1.59970877482556 1.32096489262767 1.41022810083814 1.75240395404398 1.06671968637966 1.17615790199488 1.61522976448759 0.979873829754069
1.41064210631885 1.50173591496423 1.02127890195698 1.46339562744834 1.76561764534563 0.92406829725951 1.0429129533004 1.75790649442933 1.70364558510482 1.69163417816162 1.79310541786253 1.74147494183853 0 1.02265580417588 1.03411488281563 1.40257987054065 1.73946813610382 1.75151650933549 1.30724730808288 1.05431234207936 1.15740724257194 1.57030658912845 1.64310143422335 1.11012648325413 1.36291557294317 1.836438679602 1.7793576119002 1.57122385897674 1.89502295688726 1.13371047563851
1.72233068174683 1.41121023683809 1.01123647484928 1.31772474665195 1.83605427783914 1.83874773723073 1.21031354810111 1.80630983691663 1.56110353255644 1.81614423263818 1.53913514548913 1.42849364294671 1.02265580417588 0 1.6520561221987 0.976784983417019 1.05632063420489 1.12191492668353 1.06735521322116 1.194918313995 1.4159272944089 1.33320522913709 1.78482846892439 1.8890328228008 1.13378913840279 1.00579406670295 1.50648024631664 0.922938599251211 1.25782849756069 1.09864868526347
1.50389140821062 1.42608018242754 1.73200515471399 1.76736989966594 1.24380612908863 1.10794136952609 1.01947921607643 1.19752534269355 1.77281204122119 1.53597478987649 1.24469534889795 1.64240794349462 1.03411488281563 1.6520561221987 0 1.60653787082992 1.23501251544803 1.21321447798982 0.96128075174056 1.36448515602387 1.90435701236129 1.05697881081142 1.75345952343196 1.64648387301713 1.49683590675704 1.15563817624934 1.25769875547849 1.10643759393133 1.48221638938412 1.07052276516333
1.02164638135582 1.49741156981327 1.35625938070007 1.08063089288771 1.76565401093103 1.54160452354699 1.30786774493754 1.76161447633058 1.85435608937405 1.08673688792624 1.51417773566209 1.29017515107989 1.40257987054065 0.976784983417019 1.60653787082992 0 1.8981223187875 1.29326962283812 1.58227640227415 1.3897493944969 1.2384165499825 1.19765010825358 0.92616527993232 1.88547151722014 1.14660639688373 1.22938232938759 1.26937966933474 1.28509745001793 1.39971544942819 1.41110598342493
1.37397328671068 1.10953061282635 1.47062999755144 1.72691149124876 1.11545519158244 1.90200792672113 1.23610330652446 1.46405570348725 1.06793753337115 1.50375645281747 1.12090283678845 1.78470393829048 1.73946813610382 1.05632063420489 1.23501251544803 1.8981223187875 0 1.31413816963322 0.948962577385828 1.45857924153097 0.98916789307259 1.81058853934519 0.97195703885518 1.43079515895806 1.46051320526749 1.20960915833712 1.89296444738284 1.90808681421913 1.82673496915959 1.35642225737683
1.7997117601335 1.14664542349055 0.942562844138592 1.20403936482035 0.936779277632013 1.73201280971989 1.80310360039584 1.42416451917961 1.81300511816517 1.59257811796851 1.66653277655132 1.02405147440732 1.75151650933549 1.12191492668353 1.21321447798982 1.29326962283812 1.31413816963322 0 1.22270297072828 0.964646628592163 1.1598613508977 1.87204041145742 1.47292877687141 1.81793993525207 1.65648967213929 1.89022287237458 1.10037546092644 1.40049157408066 1.67734322766773 1.21602924750187
1.31145720160566 1.46186760277487 1.59831008105539 1.76084505650215 1.71143406606279 1.66128941508941 1.73001942876726 1.31362404720858 1.42975513520651 1.23490573582239 1.46132320864126 1.20485709724016 1.30724730808288 1.06735521322116 0.96128075174056 1.58227640227415 0.948962577385828 1.22270297072828 0 1.6380550574977 1.03161827567965 1.77955622784793 1.47064593969844 1.29264807887375 1.32937258086167 1.49455102370121 1.07143258838914 1.33068587514572 1.85992773668841 1.16171133727767
1.14814078831114 1.32266216468997 0.984304097481072 1.32717123767361 0.999009180115536 1.37646894017234 1.05727899516933 0.932116979500279 1.30738622718491 1.82033476303332 1.57679026341066 1.43243490811437 1.05431234207936 1.194918313995 1.36448515602387 1.3897493944969 1.45857924153097 0.964646628592163 1.6380550574977 0 1.37508158455603 1.74490337260067 1.34475430706516 1.57766767358407 0.941486328141764 1.49673646804877 1.27975272689946 1.26256070705131 1.39668147452176 1.51067197625525
1.02777960128151 1.00667263148353 1.29562374483794 1.53582621738315 1.5808240880724 1.50868263980374 1.25428094970994 1.70318293035962 1.79463298758492 1.07279178663157 1.39443954802118 1.76481404551305 1.15740724257194 1.4159272944089 1.90435701236129 1.2384165499825 0.98916789307259 1.1598613508977 1.03161827567965 1.37508158455603 0 1.49948983732611 1.08405750221573 1.69670586008579 1.06134513881989 1.57840837026015 1.30429861135781 1.04479088098742 1.59780344227329 1.16262640454806
1.80305820936337 1.24253986100666 1.68988707847893 1.05507766082883 1.25962369726039 0.932038664584979 0.921592302620411 1.0311889606528 1.26642382587306 1.22332566906698 1.56372083979659 1.80263753794134 1.57030658912845 1.33320522913709 1.05697881081142 1.19765010825358 1.81058853934519 1.87204041145742 1.77955622784793 1.74490337260067 1.49948983732611 0 1.40817086468451 1.60031403019093 1.03212774381973 1.87928260001354 1.50955014047213 1.4826743809972 1.80922401649877 1.2591722686775
1.31758684595115 1.1309072766453 1.33733932371251 1.37830525287427 1.52730047260411 1.5000370470807 1.23142658732831 1.77119233249687 1.59997680294327 1.52182521438226 1.84454493224621 1.59970877482556 1.64310143422335 1.78482846892439 1.75345952343196 0.92616527993232 0.97195703885518 1.47292877687141 1.47064593969844 1.34475430706516 1.08405750221573 1.40817086468451 0 1.04750684578903 1.20333738066256 1.12268196884543 1.83186217071488 1.23641625139862 1.30251064151525 1.33795731794089
1.89504376892 0.951521497685462 1.26144060119987 1.72913360618986 1.60573323233984 1.89572717645206 1.54217549669556 1.13514747447334 1.40064352052286 1.10103490087204 1.48011836595833 1.32096489262767 1.11012648325413 1.8890328228008 1.64648387301713 1.88547151722014 1.43079515895806 1.81793993525207 1.29264807887375 1.57766767358407 1.69670586008579 1.60031403019093 1.04750684578903 0 0.947793132159859 1.26313730911352 1.07323068799451 1.68361852900125 1.75873807817698 1.01939351437613
1.13276534597389 1.75588432024233 1.20684802881442 1.13432896905579 1.23154090275057 1.11212462233379 1.02669895323925 0.944161677034572 1.83461150201038 1.71000191615894 1.03305836045183 1.41022810083814 1.36291557294317 1.13378913840279 1.49683590675704 1.14660639688373 1.46051320526749 1.65648967213929 1.32937258086167 0.941486328141764 1.06134513881989 1.03212774381973 1.20333738066256 0.947793132159859 0 1.48940583877265 1.40059449407272 1.76299069682136 1.33460180694237 1.48426620662212
0.98168231965974 1.46738626318984 1.04274918884039 1.26835786597803 1.81454821070656 1.07961328770034 1.39985756017268 1.42868449818343 1.76465712836944 1.4541028093081 1.06455102423206 1.75240395404398 1.836438679602 1.00579406670295 1.15563817624934 1.22938232938759 1.20960915833712 1.89022287237458 1.49455102370121 1.49673646804877 1.57840837026015 1.87928260001354 1.12268196884543 1.26313730911352 1.48940583877265 0 1.22142969002016 1.28542642481625 1.21249840781093 1.35995523910969
1.34185502585024 1.70813878555782 1.03390311752446 1.83725509722717 1.32666017324664 1.8466188646853 1.63977354508825 1.26216951827519 1.38830513437279 0.968663783511147 1.18040446378291 1.06671968637966 1.7793576119002 1.50648024631664 1.25769875547849 1.26937966933474 1.89296444738284 1.10037546092644 1.07143258838914 1.27975272689946 1.30429861135781 1.50955014047213 1.83186217071488 1.07323068799451 1.40059449407272 1.22142969002016 0 1.60196927236393 1.41745737893507 1.64867452764884
1.00323247117922 1.17686196742579 1.66839597234502 1.38563535758294 1.45340601284988 1.11177587113343 0.986988605931401 1.18708882853389 1.17442932841368 1.19438783312216 1.88114142185077 1.17615790199488 1.57122385897674 0.922938599251211 1.10643759393133 1.28509745001793 1.90808681421913 1.40049157408066 1.33068587514572 1.26256070705131 1.04479088098742 1.4826743809972 1.23641625139862 1.68361852900125 1.76299069682136 1.28542642481625 1.60196927236393 0 1.34196436777711 1.2394890000578
1.27590079163201 1.61703066201881 1.21319825714454 1.79721548804082 1.65542755136266 1.34567631455138 1.08844223315828 1.4942414520774 1.29588315216824 1.75767657719553 1.01006306381896 1.61522976448759 1.89502295688726 1.25782849756069 1.48221638938412 1.39971544942819 1.82673496915959 1.67734322766773 1.85992773668841 1.39668147452176 1.59780344227329 1.80922401649877 1.30251064151525 1.75873807817698 1.33460180694237 1.21249840781093 1.41745737893507 1.34196436777711 0 1.47469456470571
1.89000425464474 0.986326278420165 1.88564554485492 1.81621360266581 1.37639748700894 0.997994167963043 1.22986756428145 1.24216810427606 1.7421072430443 1.04811371956021 1.27603121311404 0.979873829754069 1.13371047563851 1.09864868526347 1.07052276516333 1.41110598342493 1.35642225737683 1.21602924750187 1.16171133727767 1.51067197625525 1.16262640454806 1.2591722686775 1.33795731794089 1.01939351437613 1.48426620662212 1.35995523910969 1.64867452764884 1.2394890000578 1.47469456470571 0
