0 1.30862401169725 1.35477483063005 1.25139594194479 1.11491790763102 1.82904195808806 1.83098522713408 1.38445401960053 1.31244820193388 1.81174080492929 1.10045346617699 1.52916795504279 1.74118197825737 1.52851204574108 1.05536766257137 1.66077254991978 1.68493541306816 1.37687959708273 1.78982691001147 1.47724660788663 1.07464999938384 1.69557898002677 1.89181531849317 1.88490380952135 1.17356549715623 1.52448608772829 1.83516435092315 1.77546837902628 1.70873308368027 1.83838521805592
1.30862401169725 0 1.81985804997385 1.48326164693572 1.41373556130566 1.20715764863417 1.10703278845176 1.08515793154947 1.58504465129226 1.88076935755089 1.67706715757959 1.75905887503177 1.14953968650661 1.96385748987086 1.64843600266613 1.54412496904843 1.13244465342723 1.05194459832273 1.18260128702968 1.42707767686807 1.86815434368327 1.81045775441453 1.1325822356157 1.83337869169191 1.43393803527579 1.34490117500536 1.2149090974126 1.6920733039733 1.92063194094226 1.6943562568631
1.35477483063005 1.81985804997385 0 1.58985481457785 1.31449748273008 1.80406329850666 1.86873941961676 1.20490604755469 1.63643508800305 1.0174534234684 1.08379243081436 1.39287048601545 1.80308894743212 1.55116852815263 1.73183855903335 0.975543420528993 1.49242442473769 1.95964268641546 0.970224307384342 1.96931856614538 1.46478627668694 1.54105345858261 1.61514326441102 1.77186481445096 1.52123916009441 1.23515584412962 1.17906318488531 1.25155165791512 1.7808297497686 1.62287955847569
1.25139594194479 1.48326164693572 1.58985481457785 0 1.34738343209028 1.62829762557521 1.58625737857074 1.70869770995341 1.6052528116852 1.16366964904591 1.65996103058569 1.37594079133123 1.79669903242029 1.46053998521529 0.980092154582962 1.44638197566383 1.88832637784071 1.65209391992539 0.971730638062581 1.18850279785693 1.43619069643319 1.530473372899 1.03101787646301 1.23179293354042 1.07427298021503 1.72069248044863 1.19536516163498 1.55609384411946 1.96322095184587 1.35967142833397
1.11491790763102 1.41373556130566 1.31449748273008 1.34738343209028 0 1.6744258957915 1.13559713633731 1.22035085665993 1.85713014774956 1.73446087609045 1.02645825385116 1.35662940517068 1.90402193972841 1.60434378660284 1.38587763695978 1.87801852775738 1.14734430867247 1.64376185415313 1.96791664953344 1.19180410099216 1.73186305444688 1.46191764320247 1.5625809635967 1.45675871148705 1.31627987558022 1.83763027074747 1.47453328757547 1.84859648440033 1.00139522412792 1.67170819244348
1.82904195808806 1.20715764863417 1.80406329850666 1.62829762557521 1.6744258957915 0 1.70626379200257 1.48931437032297 1.87532912706956 1.73004864202812 1.57630342803895 1.66583593678661 1.78943498595618 1.02005406841636 1.00696323183365 1.09228895651177 1.10132294916548 1.86030222778209 1.25746695813723 1.66667141090147 1.19285427057184 1.72714400826953 1.75367505964823 1.89559490256943 1.02999755647033 1.01302836695686 1.24278634251095 1.69431660301052 1.18311200896278 1.32705659070052
1.83098522713408 1.10703278845176 1.86873941961676 1.58625737857074 1.13559713633731 1.70626379200257 0 1.83333477540873 1.51514157140628 1.27693073311821 1.46567481802776 1.00718532665633 1.81750052026473 1.23005305929109 1.70708919037133 1.48618293041363 1.07670772541314 1.52638104278594 1.7055968081113 1.36245876550674 1.55839067674242 1.46564977313392 1.61345000215806 1.27992889471352 1.37494649365544 1.12084485823289 0.984581047203392 1.45775364409201 1.05117021710612 1.54372471151873
1.38445401960053 1.08515793154947 1.20490604755469 1.70869770995341 1.22035085665993 1.48931437032297 1.83333477540873 0 1.01793635450304 1.63847377360798 1.2296129479073 1.23611832479946 1.91459071706049 1.17245786963031 1.7130389015656 1.56815666262992 1.93582171737216 1.23613535682671 1.4364501114469 1.34202679945156 1.89934338722378 1.92972475965507 1.6405667879153 1.39644003356807 1.92059761518613 1.17636036896147 1.00062422989868 1.557420282159 0.984223888721317 1.84291447326541
1.31244820193388 1.58504465129226 1.63643508800305 1.6052528116852 1.85713014774956 1.87532912706956 1.51514157140628 1.01793635450304 0 1.79710216890089 1.49196918937378 1.81933122570626 0.987882314715534 1.65971038094722 1.1085500579793 1.15032676421106 1.11509129637852 1.08726487867534 1.24642040277831 1.66767567163333 1.47648197226226 1.48364298394881 1.43604990816675 1.21153936674818 1.5422501435969 1.31898268335499 1.19545161747374 1.74407626176253 1.22551966155879 1.11889044404961
1.81174080492929 1.88076935755089 1.0174534234684 1.16366964904591 1.73446087609045 1.73004864202812 1.27693073311821 1.63847377360798 1.79710216890089 0 1.55840628966689 1.44520768360235 1.67912063421682 1.43890046444722 1.71845212113112 1.41795659810305 1.69129224866629 1.55203417572193 1.68034067796543 1.5951283168979 1.1220674100332 1.7632096989546 1.89404897228815 1.01114594261162 1.47721509425901 1.51360245188698 1.63768496923149 1.85640262998641 1.04457858134992 1.00617465912364
1.10045346617699 1.67706715757959 1.08379243081436 1.65996103058569 1.02645825385116 1.57630342803895 1.46567481802776 1.2296129479073 1.49196918937378 1.55840628966689 0 1.75591585109942 1.23349154531024 1.92839597282 1.39760511135682 1.07202102779411 1.0759884857107 1.136333336588 1.52031651232392 1.14601383567788 1.45424691075459 1.64583826297894 1.89437329117209 1.49418348679319 1.67849287833087 1.12948151491582 1.45376075711101 1.63665394647978 1.81344079202972 1.5029633610975
1.52916795504279 1.75905887503177 1.39287048601545 1.37594079133123 1.35662940517068 1.66583593678661 1.00718532665633 1.23611832479946 1.81933122570626 1.44520768360235 1.75591585109942 0 1.76452326867729 1.47591014974751 1.96132751647383 1.85040172887966 1.38928534230217 1.10911788465455 1.45450119301677 1.88790573738515 1.62937981914729 1.17361498228274 1.96237299451604 1.69826521840878 0.976626277668402 1.31710894219577 1.25781689258292 1.38516401918605 1.81686092540622 1.6781395545695
1.74118197825737 1.14953968650661 1.80308894743212 1.79669903242029 1.90402193972841 1.78943498595618 1.81750052026473 1.91459071706049 0.987882314715534 1.67912063421682 1.23349154531024 1.76452326867729 0 1.6443597394973 1.41163985989988 1.3481076892931 1.4250047726091 1.35196316312067 1.13728680810891 1.64501454657875 1.81154477037489 1.15929404599592 1.74311174079776 1.59590463316999 1.91429550759494 1.72561317379586 1.68307893606834 1.03132899245247 1.51139274868183 1.35201241192408
1.52851204574108 1.96385748987086 1.55116852815263 1.46053998521529 1.60434378660284 1.02005406841636 1.23005305929109 1.17245786963031 1.65971038094722 1.43890046444722 1.92839597282 1.47591014974751 1.6443597394973 0 1.4214427259285 1.09005344193429 1.38072491623461 1.53101375605911 1.00101854139939 1.1409003790468 1.43521377490833 1.16828062525019 1.92360019916669 1.44702632306144 1.2347637519706 1.17967051407322 1.85969007154927 1.82226417399943 1.7436131851282 1.60559685132466
1.05536766257137 1.64843600266613 1.73183855903335 0.980092154582962 1.38587763695978 1.00696323183365 1.70708919037133 1.7130389015656 1.1085500579793 1.71845212113112 1.39760511135682 1.96132751647383 1.41163985989988 1.4214427259285 0 1.53171121166088 1.84297726373188 1.03384496108629 1.95182279264554 1.45256763510406 1.35686565516517 1.13798585650511 1.29230035492219 1.39165411982685 1.52973668579943 1.27226141584106 1.22155849379487 1.41534077003598 1.51229905406944 1.17876995541155
1.66077254991978 1.54412496904843 0.975543420528993 1.44638197566383 1.87801852775738 1.09228895651177 1.48618293041363 1.56815666262992 1.15032676421106 1.41795659810305 1.07202102779411 1.85040172887966 1.3481076892931 1.09005344193429 1.53171121166088 0 1.42727662273683 1.94535610824823 1.43664525891654 1.8888142274227 1.87241585180163 1.92087204172276 1.80896946042776 1.48050706763752 1.01617971854284 1.94971579196863 1.09673950844444 1.0516767653171 1.74092205427587 1.22000053455122
1.68493541306816 1.13244465342723 1.49242442473769 1.88832637784071 1.14734430867247 1.10132294916548 1.07670772541314 1.93582171737216 1.11509129637852 1.69129224866629 1.0759884857107 1.38928534230217 1.4250047726091 1.38072491623461 1.84297726373188 1.42727662273683 0 1.34818046190776 0.999120848020539 1.25701880920678 1.55076339095831 1.28725413861685 0.98541306797415 1.39770080684684 1.82434972375631 1.49113162676804 1.30038473522291 1.52401602780446 1.36066165240481 1.11920526647009
1.37687959708273 1.05194459832273 1.95964268641546 1.65209391992539 1.64376185415313 1.86030222778209 1.52638104278594 1.23613535682671 1.08726487867534 1.55203417572193 1.136333336588 1.10911788465455 1.35196316312067 1.53101375605911 1.03384496108629 1.94535610824823 1.34818046190776 0 1.40876300889067 1.96236052946188 1.28347545838915 1.85533236851916 1.82169757806696 1.50905464380048 1.31911193020642 1.38483258802444 1.18116831942461 0.999180598417297 1.84655527793802 1.7324386711698
1.78982691001147 1.18260128702968 0.970224307384342 0.971730638062581 1.96791664953344 1.25746695813723 1.7055968081113 1.4364501114469 1.24642040277831 1.68034067796543 1.52031651232392 1.45450119301677 1.13728680810891 1.00101854139939 1.95182279264554 1.43664525891654 0.999120848020539 1.40876300889067 0 1.23201449774206 1.27419067476876 1.12204340519384 1.96307336166501 0.975086933933198 1.48018923448399 1.55407548346557 1.38072851579636 1.62562651582994 1.13643016479909 1.08238461636938
1.47724660788663 1.42707767686807 1.96931856614538 1.18850279785693 1.19180410099216 1.66667141090147 1.36245876550674 1.34202679945156 1.66767567163333 1.5951283168979 1.14601383567788 1.88790573738515 1.64501454657875 1.1409003790468 1.45256763510406 1.8888142274227 1.25701880920678 1.96236052946188 1.23201449774206 0 1.61619730503298 1.76237626397051 1.58677395386621 1.37030189018697 1.61511467397213 1.089453358436 1.91221150942147 1.95905929943547 1.13725208747201 1.63035469013266
1.07464999938384 1.86815434368327 1.46478627668694 1.43619069643319 1.73186305444688 1.19285427057184 1.55839067674242 1.89934338722378 1.47648197226226 1.1220674100332 1.45424691075459 1.62937981914729 1.81154477037489 1.43521377490833 1.35686565516517 1.87241585180163 1.55076339095831 1.28347545838915 1.27419067476876 1.61619730503298 0 1.14614241733216 1.53875838057138 0.98598434147425 1.66602533822879 1.57344373851083 1.3424338363111 1.30082961544394 1.10006272769533 1.67493149032816
1.69557898002677 1.81045775441453 1.54105345858261 1.530473372899 1.46191764320247 1.72714400826953 1.46564977313392 1.92972475965507 1.48364298394881 1.7632096989546 1.64583826297894 1.17361498228274 1.15929404599592 1.16828062525019 1.13798585650511 1.92087204172276 1.28725413861685 1.85533236851916 1.12204340519384 1.76237626397051 1.14614241733216 0 1.26126837870106 1.08202970330603 1.43934032623656 1.27270122081973 1.17850501742214 1.85762221273035 1.49109717388637 1.62159792892635
1.89181531849317 1.1325822356157 1.61514326441102 1.03101787646301 1.5625809635967 1.75367505964823 1.61345000215806 1.6405667879153 1.43604990816675 1.89404897228815 1.89437329117209 1.96237299451604 1.74311174079776 1.92360019916669 1.29230035492219 1.80896946042776 0.98541306797415 1.82169757806696 1.96307336166501 1.58677395386621 1.53875838057138 1.26126837870106 0 1.03614264097996 1.012136264937 1.5375789180398 1.18144223000854 1.08522912743501 1.05253913882188 1.58496065903455
1.88490380952135 1.83337869169191 1.77186481445096 1.23179293354042 1.45675871148705 1.89559490256943 1.27992889471352 1.39644003356807 1.21153936674818 1.01114594261162 1.49418348679319 1.69826521840878 1.59590463316999 1.44702632306144 1.39165411982685 1.48050706763752 1.39770080684684 1.50905464380048 0.975086933933198 1.37030189018697 0.98598434147425 1.08202970330603 1.03614264097996 0 1.13641467271373 1.71028601820581 0.998627315741032 1.26090663438663 1.08265165728517 1.51234287745319
1.17356549715623 1.43393803527579 1.52123916009441 1.07427298021503 1.31627987558022 1.02999755647033 1.37494649365544 1.92059761518613 1.5422501435969 1.47721509425901 1.67849287833087 0.976626277668402 1.91429550759494 1.2347637519706 1.52973668579943 1.01617971854284 1.82434972375631 1.31911193020642 1.48018923448399 1.61511467397213 1.66602533822879 1.43934032623656 1.012136264937 1.13641467271373 0 1.13966039009392 1.73817582172342 1.76166388881393 1.28195941029117 1.09969919687137
1.52448608772829 1.34490117500536 1.23515584412962 1.72069248044863 1.83763027074747 1.01302836695686 1.12084485823289 1.17636036896147 1.31898268335499 1.51360245188698 1.12948151491582 1.31710894219577 1.72561317379586 1.17967051407322 1.27226141584106 1.94971579196863 1.49113162676804 1.38483258802444 1.55407548346557 1.089453358436 1.57344373851083 1.27270122081973 1.5375789180398 1.71028601820581 1.13966039009392 0 1.96336806425825 1.59854614990763 1.67482349369675 1.06311599374749
1.83516435092315 1.2149090974126 1.17906318488531 1.19536516163498 1.47453328757547 1.24278634251095 0.984581047203392 1.00062422989868 1.19545161747374 1.63768496923149 1.45376075711101 1.25781689258292 1.68307893606834 1.85969007154927 1.22155849379487 1.09673950844444 1.30038473522291 1.18116831942461 1.38072851579636 1.91221150942147 1.3424338363111 1.17850501742214 1.18144223000854 0.998627315741032 1.73817582172342 1.96336806425825 0 1.80303762760013 1.53036500583403 1.56491090124473
1.77546837902628 1.6920733039733 1.25155165791512 1.55609384411946 1.84859648440033 1.69431660301052 1.45775364409201 1.557420282159 1.74407626176253 1.85640262998641 1.63665394647978 1.38516401918605 1.03132899245247 1.82226417399943 1.41534077003598 1.0516767653171 1.52401602780446 0.999180598417297 1.62562651582994 1.95905929943547 1.30082961544394 1.85762221273035 1.08522912743501 1.26090663438663 1.76166388881393 1.59854614990763 1.80303762760013 0 1.69539721077308 1.46225562714972
1.70873308368027 1.92063194094226 1.7808297497686 1.96322095184587 1.00139522412792 1.18311200896278 1.05117021710612 0.984223888721317 1.22551966155879 1.04457858134992 1.81344079202972 1.81686092540622 1.51139274868183 1.7436131851282 1.51229905406944 1.74092205427587 1.36066165240481 1.84655527793802 1.13643016479909 1.13725208747201 1.10006272769533 1.49109717388637 1.05253913882188 1.08265165728517 1.28195941029117 1.67482349369675 1.53036500583403 1.69539721077308 0 1.37778173899278
1.83838521805592 1.6943562568631 1.62287955847569 1.35967142833397 1.67170819244348 1.32705659070052 1.54372471151873 1.84291447326541 1.11889044404961 1.00617465912364 1.5029633610975 1.6781395545695 1.35201241192408 1.60559685132466 1.17876995541155 1.22000053455122 1.11920526647009 1.7324386711698 1.08238461636938 1.63035469013266 1.67493149032816 1.62159792892635 1.58496065903455 1.51234287745319 1.09969919687137 1.06311599374749 1.56491090124473 1.46225562714972 1.37778173899278 0
