0 1.2740169542376 1.17615326098166 1.30316906236112 1.06279761437327 1.56844074348919 1.90902805002406 1.22022881521843 1.67921790503897 0.99382555577904 1.10004689730704 1.45009794551879 1.61544199497439 1.08304860186763 1.76440770807676 1.09633712726645 1.47117579518817 1.5098763727583 1.41517890011892 1.58462538500316 1.75827145157382 1.39907028875314 1.58437765273266 1.15669960551895 1.4813696264755 1.61425049137324 1.28619980462827 1.73251096368767 1.42075459728949 1.88299871329218
1.2740169542376 0 1.56327408133075 1.01261343667284 0.955202554585412 1.2508698455058 1.62987991864793 1.21174598764628 1.18524028197862 0.987127273343503 1.62554862885736 0.978733195690438 1.00211594533175 1.59237990598194 1.86938645737246 1.03432941599749 0.961311624851078 1.19004002027214 1.5980112166144 1.37411504844204 0.99814690859057 1.36384126241319 1.50539128412493 1.39812218304724 1.21804906264879 1.65295234392397 0.957057314692065 1.66547810449265 1.73518794658594 1.84294116846286
1.17615326098166 1.56327408133075 0 1.08887687302195 1.9277981496416 1.74634631816298 1.19026363780722 1.35394078679383 1.06566645042039 1.09267284721136 1.57490145368502 1.54683293565176 1.43552026478574 1.07006774260662 1.71510405512527 1.280927417567 1.78919479390606 1.14643910806626 1.05374066322111 1.28919891035184 1.51640818407759 1.28419674164616 1.29681119159795 1.30777851911262 1.24062213930301 1.23072505975142 1.25526630785316 1.61089807841927 1.07004274777137 1.47022295836359
1.30316906236112 1.01261343667284 1.08887687302195 0 1.04949221643619 1.63088265899569 1.66857719211839 1.27833442669362 1.44211864983663 1.34766292362474 1.02927424269728 1.05210785684176 1.49179608165286 1.17677450645715 0.963525713654235 1.40727179101668 1.11537126963958 1.26618459587917 1.18355155945756 1.66696129669435 1.41528322920203 1.90591206541285 1.77261367416941 1.63311292324215 1.11344989738427 1.2234343951568 1.01992674195208 1.04731677589007 1.51114760781638 1.13872823026031
1.06279761437327 0.955202554585412 1.9277981496416 1.04949221643619 0 1.07871712185442 1.58067308715545 1.57893371977843 1.25354285468347 1.32278950070031 1.71925773308612 1.55037722853012 1.37468136521056 1.58462022477761 1.09595534368418 1.46382781863213 0.999465990345925 1.44429057580419 1.56334374588914 1.79664800665341 1.6295737423934 1.09928134013899 1.48206444643438 1.46857429249212 1.15722339390777 1.4315293696709 1.31542082875967 1.38550941227004 1.64838256011717 1.52269748179242
1.56844074348919 1.2508698455058 1.74634631816298 1.63088265899569 1.07871712185442 0 1.05321711860597 1.40306536573917 1.46520690666512 1.36261002044193 1.70074397791177 0.976976941572502 1.89444833155721 1.65821937122382 1.06961036520079 1.69655652600341 1.17462680931203 1.42678667628206 1.83650426729582 1.90764787793159 1.42986208037473 0.970797849819064 1.84294529282488 1.90871002012864 1.90383952111006 1.68056796910241 0.974097202299163 1.8808661850635 1.91529362951405 1.08914662664756
1.90902805002406 1.62987991864793 1.19026363780722 1.66857719211839 1.58067308715545 1.05321711860597 0 1.54772450192831 1.54712697071955 1.51377672492526 1.02738950098865 1.53847591369413 1.19704054691829 1.82709605898708 1.11870578117669 1.62357180262916 1.30746116815135 1.55241780937649 1.1401213996578 1.71201471122913 1.250746777514 1.80845548748039 1.60245403717272 1.6993002940435 1.52062250766903 1.51225261110812 0.943447625264525 1.50187161844224 1.37134603550658 1.82996930531226
1.22022881521843 1.21174598764628 1.35394078679383 1.27833442669362 1.57893371977843 1.40306536573917 1.54772450192831 0 1.68800557171926 1.51836199383251 1.80691324570216 1.27450795983896 1.80614819703624 1.75882507348433 1.48322396562435 1.04389140824787 1.096773797879 1.64085431420244 0.972518577938899 1.34350445517339 1.65594047144987 1.26272070058621 1.3493186738342 1.58953222888522 1.19324445654638 1.43676125537604 1.75870715128258 1.02567209163681 1.12272511376068 1.43802568619139
1.67921790503897 1.18524028197862 1.06566645042039 1.44211864983663 1.25354285468347 1.46520690666512 1.54712697071955 1.68800557171926 0 1.24134236644022 1.1123558934778 1.1135615746025 1.71291315509006 1.73444914608262 1.28874063142575 1.80297250021249 1.00407061376609 1.51843544770963 1.63765343045816 1.4239280349575 1.06007637782022 1.59611339541152 1.81539765000343 1.19946412765421 1.62288222345524 1.30581748858094 1.70439625973813 1.56815132242627 1.46224234439433 0.954285905463621
0.99382555577904 0.987127273343503 1.09267284721136 1.34766292362474 1.32278950070031 1.36261002044193 1.51377672492526 1.51836199383251 1.24134236644022 0 1.40369560429826 1.81851494219154 1.64242326212116 1.14737963746302 1.72251421096735 1.15652066702023 1.10372774419375 1.17610927857459 1.05197045905516 1.11988174589351 1.43570253509097 1.61976022878662 1.69903768110089 1.56256325170398 0.938484534854069 1.51701026060618 1.68010056298226 1.08174436260015 1.49332041596062 1.01891035935842
1.10004689730704 1.62554862885736 1.57490145368502 1.02927424269728 1.71925773308612 1.70074397791177 1.02738950098865 1.80691324570216 1.1123558934778 1.40369560429826 0 1.04792150878347 1.7041271510534 1.40563634736463 1.69853166420944 1.6480717533268 1.70227916748263 1.58640709426254 1.52728025941178 1.74505433463491 1.10158767784014 1.09970272378996 1.8909873762168 1.88264665845782 1.41795320762321 1.68112289346755 1.13603852596134 1.46694135805592 1.2619542805478 0.93811197229661
1.45009794551879 0.978733195690438 1.54683293565176 1.05210785684176 1.55037722853012 0.976976941572502 1.53847591369413 1.27450795983896 1.1135615746025 1.81851494219154 1.04792150878347 0 1.26693751034327 0.944585365243256 1.460653366521 1.08158106100745 1.57294979970902 1.65968318330124 1.19182759826072 1.24782267352566 1.16506203729659 1.04193992726505 1.57849770481698 1.24710683198646 1.668964616023 1.21124892751686 1.04306924226694 0.941631566500291 1.22998761408962 1.62701428751461
1.61544199497439 1.00211594533175 1.43552026478574 1.49179608165286 1.37468136521056 1.89444833155721 1.19704054691829 1.80614819703624 1.71291315509006 1.64242326212116 1.7041271510534 1.26693751034327 0 1.29818372288719 1.72477028216235 1.62303210329264 1.10963766160421 1.62219640007243 0.973782022017986 1.44357160036452 1.61633997852914 1.4365984199103 1.33148629451171 1.57269283710048 1.32475437852554 1.48786275926977 1.76968303369358 0.942470921669155 1.67341744317673 1.18792342231609
1.08304860186763 1.59237990598194 1.07006774260662 1.17677450645715 1.58462022477761 1.65821937122382 1.82709605898708 1.75882507348433 1.73444914608262 1.14737963746302 1.40563634736463 0.944585365243256 1.29818372288719 0 1.69324795808643 1.61564465682022 1.10304849268869 1.38843110739253 1.6353207307402 1.86187588959001 1.81618312653154 1.09138956060633 1.52375309052877 1.00380711862817 1.23312517628074 1.70525380712934 1.63849091739394 1.42220061225817 1.42255968158133 1.64455246552825
1.76440770807676 1.86938645737246 1.71510405512527 0.963525713654235 1.09595534368418 1.06961036520079 1.11870578117669 1.48322396562435 1.28874063142575 1.72251421096735 1.69853166420944 1.460653366521 1.72477028216235 1.69324795808643 0 1.75782017875463 0.955973820993677 1.29781489516608 1.41330227721483 1.60474677872844 1.78506506839767 1.06062902603298 1.9266366220545 0.979993334505707 1.5152631632518 1.87010593572631 0.935230805771425 1.40373630076647 1.44109814427793 1.122069143923
1.09633712726645 1.03432941599749 1.280927417567 1.40727179101668 1.46382781863213 1.69655652600341 1.62357180262916 1.04389140824787 1.80297250021249 1.15652066702023 1.6480717533268 1.08158106100745 1.62303210329264 1.61564465682022 1.75782017875463 0 1.10284682479687 1.23407565010712 1.12142794649117 1.76117190276273 1.2337985993363 1.6706765817944 1.67399133532308 1.55979042430408 0.942246763501316 1.80693920841441 1.57625844003633 1.0990355394315 1.03004654822871 0.964343138970435
1.47117579518817 0.961311624851078 1.78919479390606 1.11537126963958 0.999465990345925 1.17462680931203 1.30746116815135 1.096773797879 1.00407061376609 1.10372774419375 1.70227916748263 1.57294979970902 1.10963766160421 1.10304849268869 0.955973820993677 1.10284682479687 0 1.59469447890297 1.83432629238814 1.8298168356996 1.80756149953231 1.19393044966273 1.35549941030331 1.27410460053943 0.980340608628467 1.52692381595261 1.33092649071477 1.71740259439684 0.940141398692504 1.30155950807966
1.5098763727583 1.19004002027214 1.14643910806626 1.26618459587917 1.44429057580419 1.42678667628206 1.55241780937649 1.64085431420244 1.51843544770963 1.17610927857459 1.58640709426254 1.65968318330124 1.62219640007243 1.38843110739253 1.29781489516608 1.23407565010712 1.59469447890297 0 1.00821322482079 1.08979126275517 1.69557207776234 1.76123851514421 1.01289466558956 0.948696623789147 1.06047964957543 1.00794045906514 0.946510217385367 1.54267321806401 1.52587581635453 1.86571856332012
1.41517890011892 1.5980112166144 1.05374066322111 1.18355155945756 1.56334374588914 1.83650426729582 1.1401213996578 0.972518577938899 1.63765343045816 1.05197045905516 1.52728025941178 1.19182759826072 0.973782022017986 1.6353207307402 1.41330227721483 1.12142794649117 1.83432629238814 1.00821322482079 0 1.82442738558166 1.31165800429881 1.17838137759827 1.00663270964287 1.49536940921098 1.44276257697493 1.08047616179101 1.43176266527735 1.1918125024531 1.5817641436588 0.936831946251914
1.58462538500316 1.37411504844204 1.28919891035184 1.66696129669435 1.79664800665341 1.90764787793159 1.71201471122913 1.34350445517339 1.4239280349575 1.11988174589351 1.74505433463491 1.24782267352566 1.44357160036452 1.86187588959001 1.60474677872844 1.76117190276273 1.8298168356996 1.08979126275517 1.82442738558166 0 1.82942398334853 1.84983390546404 1.25641725910828 1.33774884720333 1.57462956523523 1.13419276499189 0.933550675632432 1.8616770345252 1.15205440321006 1.73026768118143
1.75827145157382 0.99814690859057 1.51640818407759 1.41528322920203 1.6295737423934 1.42986208037473 1.250746777514 1.65594047144987 1.06007637782022 1.43570253509097 1.10158767784014 1.16506203729659 1.61633997852914 1.81618312653154 1.78506506839767 1.2337985993363 1.80756149953231 1.69557207776234 1.31165800429881 1.82942398334853 0 1.77692492492497 1.51199347293004 1.51991596701555 1.74439112306572 1.85590144759044 1.02434284589253 1.59613786870614 1.80068081035279 1.17851285310462
1.39907028875314 1.36384126241319 1.28419674164616 1.90591206541285 1.09928134013899 0.970797849819064 1.80845548748039 1.26272070058621 1.59611339541152 1.61976022878662 1.09970272378996 1.04193992726505 1.4365984199103 1.09138956060633 1.06062902603298 1.6706765817944 1.19393044966273 1.76123851514421 1.17838137759827 1.84983390546404 1.77692492492497 0 1.3216241823975 1.38711434300058 1.35701178410091 1.32406644476578 0.946877234149724 1.27260705339722 1.52564804535359 1.35526408161968
1.58437765273266 1.50539128412493 1.29681119159795 1.77261367416941 1.48206444643438 1.84294529282488 1.60245403717272 1.3493186738342 1.81539765000343 1.69903768110089 1.8909873762168 1.57849770481698 1.33148629451171 1.52375309052877 1.9266366220545 1.67399133532308 1.35549941030331 1.01289466558956 1.00663270964287 1.25641725910828 1.51199347293004 1.3216241823975 0 1.58011709409766 1.01979122101329 1.12541241850704 1.31374042201787 1.29017476108856 1.55176791385747 1.17621099459939
1.15669960551895 1.39812218304724 1.30777851911262 1.63311292324215 1.46857429249212 1.90871002012864 1.6993002940435 1.58953222888522 1.19946412765421 1.56256325170398 1.88264665845782 1.24710683198646 1.57269283710048 1.00380711862817 0.979993334505707 1.55979042430408 1.27410460053943 0.948696623789147 1.49536940921098 1.33774884720333 1.51991596701555 1.38711434300058 1.58011709409766 0 0.971494762226939 1.82999376719818 1.01958892401308 1.60203986917622 1.33012891560793 1.8712772547733
1.4813696264755 1.21804906264879 1.24062213930301 1.11344989738427 1.15722339390777 1.90383952111006 1.52062250766903 1.19324445654638 1.62288222345524 0.938484534854069 1.41795320762321 1.668964616023 1.32475437852554 1.23312517628074 1.5152631632518 0.942246763501316 0.980340608628467 1.06047964957543 1.44276257697493 1.57462956523523 1.74439112306572 1.35701178410091 1.01979122101329 0.971494762226939 0 1.17645027348772 1.90534375864081 0.979190437588841 1.68749897531234 1.32157380483113
1.61425049137324 1.65295234392397 1.23072505975142 1.2234343951568 1.4315293696709 1.68056796910241 1.51225261110812 1.43676125537604 1.30581748858094 1.51701026060618 1.68112289346755 1.21124892751686 1.48786275926977 1.70525380712934 1.87010593572631 1.80693920841441 1.52692381595261 1.00794045906514 1.08047616179101 1.13419276499189 1.85590144759044 1.32406644476578 1.12541241850704 1.82999376719818 1.17645027348772 0 1.6061458599288 1.81371411983855 1.63936189305969 1.23625444481149
1.28619980462827 0.957057314692065 1.25526630785316 1.01992674195208 1.31542082875967 0.974097202299163 0.943447625264525 1.75870715128258 1.70439625973813 1.68010056298226 1.13603852596134 1.04306924226694 1.76968303369358 1.63849091739394 0.935230805771425 1.57625844003633 1.33092649071477 0.946510217385367 1.43176266527735 0.933550675632432 1.02434284589253 0.946877234149724 1.31374042201787 1.01958892401308 1.90534375864081 1.6061458599288 0 1.59208955685608 1.00635083136149 1.03570504602976
1.73251096368767 1.66547810449265 1.61089807841927 1.04731677589007 1.38550941227004 1.8808661850635 1.50187161844224 1.02567209163681 1.56815132242627 1.08174436260015 1.46694135805592 0.941631566500291 0.942470921669155 1.42220061225817 1.40373630076647 1.0990355394315 1.71740259439684 1.54267321806401 1.1918125024531 1.8616770345252 1.59613786870614 1.27260705339722 1.29017476108856 1.60203986917622 0.979190437588841 1.81371411983855 1.59208955685608 0 1.50584602286108 1.69539819168858
1.42075459728949 1.73518794658594 1.07004274777137 1.51114760781638 1.64838256011717 1.91529362951405 1.37134603550658 1.12272511376068 1.46224234439433 1.49332041596062 1.2619542805478 1.22998761408962 1.67341744317673 1.42255968158133 1.44109814427793 1.03004654822871 0.940141398692504 1.52587581635453 1.5817641436588 1.15205440321006 1.80068081035279 1.52564804535359 1.55176791385747 1.33012891560793 1.68749897531234 1.63936189305969 1.00635083136149 1.50584602286108 0 1.81320438138209
1.88299871329218 1.84294116846286 1.47022295836359 1.13872823026031 1.52269748179242 1.08914662664756 1.82996930531226 1.43802568619139 0.954285905463621 1.01891035935842 0.93811197229661 1.62701428751461 1.18792342231609 1.64455246552825 1.122069143923 0.964343138970435 1.30155950807966 1.86571856332012 0.936831946251914 1.73026768118143 1.17851285310462 1.35526408161968 1.17621099459939 1.8712772547733 1.32157380483113 1.23625444481149 1.03570504602976 1.69539819168858 1.81320438138209 0
