0 1.32023051637225 1.70174735505134 1.12194393505342 1.92270188778639 1.76062019611709 1.09505048021674 0.975779107771814 1.26099666813388 1.27631945256144 1.0221561465878 1.60911602014676 1.49117241892964 1.90702640148811 1.76892643980682 1.38474490772933 1.80268922168761 1.31862051808275 1.4726249887608 1.90176883758977 1.23281704937108 1.27178806206211 0.967857779469341 1.16333214263432 1.64908460038714 1.52903037099168 1.88670623255894 1.24160554585978 1.78376288129948 1.41962800500914
1.32023051637225 0 1.13444522884674 1.3073854080867 1.34124925569631 1.07756348280236 1.59751918166876 1.93460564268753 1.61439094832167 0.989867639960721 1.80222873948514 1.89941211976111 1.01058290968649 1.46495089493692 1.7216603117995 1.78908445546404 1.82196552935056 1.65596495894715 1.9514150461182 1.12955736415461 1.93308698316105 1.09625792969018 1.09970350377262 1.5150412900839 1.55955937434919 1.74239004147239 1.25952115980908 1.85935232019983 1.93668503942899 1.39003925677389
1.70174735505134 1.13444522884674 0 1.43624331429601 1.89256322849542 1.75786925153807 1.41733849118464 1.2330133037176 1.19241253728978 1.65505106002092 1.06530603370629 1.67298730765469 1.29304758319631 1.16534104058519 1.32431116490625 1.19486265163869 1.24221466947347 0.986701659392565 1.42698677093722 1.81742682005279 1.45005659223534 1.76988289365545 1.13525200192817 1.54427568847314 1.17841087188572 1.29440532135777 1.58305313275196 1.57495354907587 1.6145440894179 1.29449182329699
1.12194393505342 1.3073854080867 1.43624331429601 0 1.518235466443 1.75401790603064 1.3607083267998 1.14210657565854 1.02958644321188 1.08520137192681 1.87310556066222 1.05206012143753 1.82148413616233 1.04134153830819 1.34058528207242 1.63440990191884 1.105923198862 1.56946677248925 1.60536259412766 1.4860551932361 1.27192267845385 1.45492936274968 1.29566378542222 1.16418766742572 1.37720478372648 1.8461823281832 1.28363389335573 0.991314816754311 1.08052555471659 1.28419842501171
1.92270188778639 1.34124925569631 1.89256322849542 1.518235466443 0 1.64844509889372 1.35620422801003 1.80650030984543 1.40089775249362 1.08202373888344 1.52661781571805 1.67488369788043 1.29082760005258 1.89183931704611 1.51129754120484 1.49114928138442 1.82379652559757 1.68736867490225 1.19195310026407 1.11104635964148 1.47762508667074 1.78029063111171 1.26214895048179 1.40064539876767 1.37697995360941 1.06862457934767 1.00786482449621 1.31116417259909 1.72018730523996 1.6625640031416
1.76062019611709 1.07756348280236 1.75786925153807 1.75401790603064 1.64844509889372 0 1.3577915886417 1.67538869916461 1.27783019701019 1.26205774932168 1.29472498386167 1.93531269044615 1.24736665934324 1.10059007932432 1.08268769155256 1.04728271998465 1.1450636528898 1.13614742690697 1.53324875840917 1.18418473657221 1.63903543329798 1.63057979452424 1.01265409216285 1.73386897239834 1.84400796401314 1.06753001571633 1.12332381424494 1.74150402517989 1.51374734821729 1.52623981772922
1.09505048021674 1.59751918166876 1.41733849118464 1.3607083267998 1.35620422801003 1.3577915886417 0 1.22931641107425 1.54630375164561 1.50941890571266 1.11709998501465 1.47912098933011 1.25377368554473 1.65728284954093 1.56030038325116 1.9288616864942 1.17508772062138 1.01667747460306 1.69694245001301 1.6384927497711 1.65960960322991 1.89567330456339 1.79061648086645 1.02410285943188 1.32980615878478 1.20044394326396 1.33835348300636 1.71489124745131 1.87095503392629 1.84141718666069
0.975779107771814 1.93460564268753 1.2330133037176 1.14210657565854 1.80650030984543 1.67538869916461 1.22931641107425 0 1.55443674093112 1.23458350659348 1.14151139813475 1.59832549071871 1.24183376296423 1.5916153320577 1.17039731680416 1.68951686960645 1.22276779962704 1.35925140115432 1.46604145923629 1.64941773330793 1.87814582046121 1.20085315220058 1.37719161203131 1.48547979304567 1.9093200629577 1.89594897301868 1.38408200000413 1.61300851637498 1.03469937900081 1.47459941869602
1.26099666813388 1.61439094832167 1.19241253728978 1.02958644321188 1.40089775249362 1.27783019701019 1.54630375164561 1.55443674093112 0 1.17709465464577 0.986289176391438 1.63118312181905 1.81625054962933 1.81745753693394 1.47174792201258 1.66420719330199 1.95371714537032 1.4081248913426 1.40835321764462 1.32880673068576 1.10572466952726 1.6745462436229 1.29483365360647 1.23524860735051 1.67883142153732 1.2497541103512 1.81390525610186 1.54797904798761 1.9396560783498 1.00076694367453
1.27631945256144 0.989867639960721 1.65505106002092 1.08520137192681 1.08202373888344 1.26205774932168 1.50941890571266 1.23458350659348 1.17709465464577 0 1.94176522642374 1.90875757974572 1.08765370235778 1.90219315001741 1.45038826181553 0.998757820343599 1.50923018949106 1.47550680721179 1.56365147815086 1.08343584253453 0.976223034318537 1.77922596246935 1.46423176326789 1.47858433215879 1.66296222154051 1.30851757945493 1.72254170710221 1.30640296987258 1.79937926866114 1.90322590922005
1.0221561465878 1.80222873948514 1.06530603370629 1.87310556066222 1.52661781571805 1.29472498386167 1.11709998501465 1.14151139813475 0.986289176391438 1.94176522642374 0 1.00163540127687 1.62960032466799 1.15593965142034 1.64715440687723 1.35228964942507 1.74140763748437 1.83991229115054 1.25969034619629 0.986724422313273 1.65470950421877 1.0522802521009 1.71181802498177 1.29898450453766 1.53563533816487 1.88452691840939 1.803113858914 1.09081547893584 1.83646418363787 1.42134176963009
1.60911602014676 1.89941211976111 1.67298730765469 1.05206012143753 1.67488369788043 1.93531269044615 1.47912098933011 1.59832549071871 1.63118312181905 1.90875757974572 1.00163540127687 0 1.47947303182445 1.04180724499747 1.60270095150918 1.18644786835648 1.15630729845725 1.06629015877843 1.66983646154404 1.61755142337643 1.92957205162384 1.19605253404006 1.67675481573679 1.14389002206735 1.00822421070188 1.71067784889601 1.68916226783767 1.58986431034282 1.31291577080265 1.55194516363554
1.49117241892964 1.01058290968649 1.29304758319631 1.82148413616233 1.29082760005258 1.24736665934324 1.25377368554473 1.24183376296423 1.81625054962933 1.08765370235778 1.62960032466799 1.47947303182445 0 1.63484467123635 1.64198842900805 1.17784144007601 1.49815577431582 1.65351727535017 1.84494899236597 1.92227787594311 1.35228409757838 1.20422404981218 1.6584527650848 1.33077986910939 1.64162522670813 1.40211462811567 1.7457681146916 1.20120971649885 1.51757016801275 1.37522669578902
1.90702640148811 1.46495089493692 1.16534104058519 1.04134153830819 1.89183931704611 1.10059007932432 1.65728284954093 1.5916153320577 1.81745753693394 1.90219315001741 1.15593965142034 1.04180724499747 1.63484467123635 0 1.61830951017328 1.44427206995897 1.51429164223373 1.49109402694739 1.64300564699806 1.6419661543332 1.06427813088521 1.92393120541237 1.00474832719192 1.76477823941968 1.88267306354828 1.25360206211917 1.170944186626 1.58307778765447 0.981110481312498 0.995120997307822
1.76892643980682 1.7216603117995 1.32431116490625 1.34058528207242 1.51129754120484 1.08268769155256 1.56030038325116 1.17039731680416 1.47174792201258 1.45038826181553 1.64715440687723 1.60270095150918 1.64198842900805 1.61830951017328 0 1.47189483279362 1.42974062846042 1.16318221087568 1.75082590710372 1.1539662713185 0.978727307636291 1.73548695025966 1.1958234468475 1.70635914173909 1.16238494566642 1.45589947747067 1.03919683839194 1.59538325178437 0.97153656417504 1.76285164454021
1.38474490772933 1.78908445546404 1.19486265163869 1.63440990191884 1.49114928138442 1.04728271998465 1.9288616864942 1.68951686960645 1.66420719330199 0.998757820343599 1.35228964942507 1.18644786835648 1.17784144007601 1.44427206995897 1.47189483279362 0 1.20991441956721 1.81928267376497 1.19642944028601 1.87200368428603 0.977142243413255 1.20621208846569 1.52131027076393 1.14097284432501 1.70759660773911 1.78022801899351 1.91371057671495 1.38690471998416 1.57040727837011 1.67631406732835
1.80268922168761 1.82196552935056 1.24221466947347 1.105923198862 1.82379652559757 1.1450636528898 1.17508772062138 1.22276779962704 1.95371714537032 1.50923018949106 1.74140763748437 1.15630729845725 1.49815577431582 1.51429164223373 1.42974062846042 1.20991441956721 0 1.10700316680595 1.76651783753186 1.58864631853066 1.09416463039815 1.52553128288127 1.83332003979012 1.62856012652628 1.34407263621688 1.40724225016311 1.71913852635771 1.86621699528769 1.58596203918569 1.39154127845541
1.31862051808275 1.65596495894715 0.986701659392565 1.56946677248925 1.68736867490225 1.13614742690697 1.01667747460306 1.35925140115432 1.4081248913426 1.47550680721179 1.83991229115054 1.06629015877843 1.65351727535017 1.49109402694739 1.16318221087568 1.81928267376497 1.10700316680595 0 1.77429023128934 1.19928378029726 1.08728841226548 1.91762921004556 1.64584103482775 1.29372091963887 0.992734254337847 1.70159774250351 1.9399866766762 1.15936140785925 1.01903719105758 1.73543768236414
1.4726249887608 1.9514150461182 1.42698677093722 1.60536259412766 1.19195310026407 1.53324875840917 1.69694245001301 1.46604145923629 1.40835321764462 1.56365147815086 1.25969034619629 1.66983646154404 1.84494899236597 1.64300564699806 1.75082590710372 1.19642944028601 1.76651783753186 1.77429023128934 0 0.987787996651605 1.89729806873947 1.15755967074074 1.65170307038352 1.9049698447343 1.80904590967111 1.91924917558208 1.342259432422 1.85247934097424 1.81650940491818 1.5397528631147
1.90176883758977 1.12955736415461 1.81742682005279 1.4860551932361 1.11104635964148 1.18418473657221 1.6384927497711 1.64941773330793 1.32880673068576 1.08343584253453 0.986724422313273 1.61755142337643 1.92227787594311 1.6419661543332 1.1539662713185 1.87200368428603 1.58864631853066 1.19928378029726 0.987787996651605 0 0.966183003270999 1.40497819357552 1.93486546166241 1.26526629854925 1.93080968526192 1.04234466748312 1.41861291159876 1.38688038638793 0.959713286953047 0.999035226181149
1.23281704937108 1.93308698316105 1.45005659223534 1.27192267845385 1.47762508667074 1.63903543329798 1.65960960322991 1.87814582046121 1.10572466952726 0.976223034318537 1.65470950421877 1.92957205162384 1.35228409757838 1.06427813088521 0.978727307636291 0.977142243413255 1.09416463039815 1.08728841226548 1.89729806873947 0.966183003270999 0 1.76547559630126 1.76816495135427 1.46595813310705 1.14405610715039 1.60392498923466 1.65848073596135 1.68466326058842 1.69457561033778 1.84404477174394
1.27178806206211 1.09625792969018 1.76988289365545 1.45492936274968 1.78029063111171 1.63057979452424 1.89567330456339 1.20085315220058 1.6745462436229 1.77922596246935 1.0522802521009 1.19605253404006 1.20422404981218 1.92393120541237 1.73548695025966 1.20621208846569 1.52553128288127 1.91762921004556 1.15755967074074 1.40497819357552 1.76547559630126 0 1.39529041945934 1.57302920497023 1.62142198160291 1.82082404266112 1.27662136289291 0.968788591213524 0.962924403371289 0.974019875284284
0.967857779469341 1.09970350377262 1.13525200192817 1.29566378542222 1.26214895048179 1.01265409216285 1.79061648086645 1.37719161203131 1.29483365360647 1.46423176326789 1.71181802498177 1.67675481573679 1.6584527650848 1.00474832719192 1.1958234468475 1.52131027076393 1.83332003979012 1.64584103482775 1.65170307038352 1.93486546166241 1.76816495135427 1.39529041945934 0 1.84631014522165 1.57432015845552 1.90728529752232 1.30973797966726 1.5659628987778 1.43930599512532 1.42854295601137
1.16333214263432 1.5150412900839 1.54427568847314 1.16418766742572 1.40064539876767 1.73386897239834 1.02410285943188 1.48547979304567 1.23524860735051 1.47858433215879 1.29898450453766 1.14389002206735 1.33077986910939 1.76477823941968 1.70635914173909 1.14097284432501 1.62856012652628 1.29372091963887 1.9049698447343 1.26526629854925 1.46595813310705 1.57302920497023 1.84631014522165 0 1.62532770610414 1.7478400063701 1.76981099531986 1.03370652231388 1.2061433326453 1.37948297243565
1.64908460038714 1.55955937434919 1.17841087188572 1.37720478372648 1.37697995360941 1.84400796401314 1.32980615878478 1.9093200629577 1.67883142153732 1.66296222154051 1.53563533816487 1.00822421070188 1.64162522670813 1.88267306354828 1.16238494566642 1.70759660773911 1.34407263621688 0.992734254337847 1.80904590967111 1.93080968526192 1.14405610715039 1.62142198160291 1.57432015845552 1.62532770610414 0 1.07338360860012 1.50916845281608 1.10213234112598 1.09692548261955 0.962882539723068
1.52903037099168 1.74239004147239 1.29440532135777 1.8461823281832 1.06862457934767 1.06753001571633 1.20044394326396 1.89594897301868 1.2497541103512 1.30851757945493 1.88452691840939 1.71067784889601 1.40211462811567 1.25360206211917 1.45589947747067 1.78022801899351 1.40724225016311 1.70159774250351 1.91924917558208 1.04234466748312 1.60392498923466 1.82082404266112 1.90728529752232 1.7478400063701 1.07338360860012 0 1.88377414410934 1.45140044344589 1.30067294370383 1.36443295516074
1.88670623255894 1.25952115980908 1.58305313275196 1.28363389335573 1.00786482449621 1.12332381424494 1.33835348300636 1.38408200000413 1.81390525610186 1.72254170710221 1.803113858914 1.68916226783767 1.7457681146916 1.170944186626 1.03919683839194 1.91371057671495 1.71913852635771 1.9399866766762 1.342259432422 1.41861291159876 1.65848073596135 1.27662136289291 1.30973797966726 1.76981099531986 1.50916845281608 1.88377414410934 0 1.27948193880729 1.0377202462405 1.69662384875119
1.24160554585978 1.85935232019983 1.57495354907587 0.991314816754311 1.31116417259909 1.74150402517989 1.71489124745131 1.61300851637498 1.54797904798761 1.30640296987258 1.09081547893584 1.58986431034282 1.20120971649885 1.58307778765447 1.59538325178437 1.38690471998416 1.86621699528769 1.15936140785925 1.85247934097424 1.38688038638793 1.68466326058842 0.968788591213524 1.5659628987778 1.03370652231388 1.10213234112598 1.45140044344589 1.27948193880729 0 1.93171299458481 1.2317392709665
1.78376288129948 1.93668503942899 1.6145440894179 1.08052555471659 1.72018730523996 1.51374734821729 1.87095503392629 1.03469937900081 1.9396560783498 1.79937926866114 1.83646418363787 1.31291577080265 1.51757016801275 0.981110481312498 0.97153656417504 1.57040727837011 1.58596203918569 1.01903719105758 1.81650940491818 0.959713286953047 1.69457561033778 0.962924403371289 1.43930599512532 1.2061433326453 1.09692548261955 1.30067294370383 1.0377202462405 1.93171299458481 0 1.64354218449444
1.41962800500914 1.39003925677389 1.29449182329699 1.28419842501171 1.6625640031416 1.52623981772922 1.84141718666069 1.47459941869602 1.00076694367453 1.90322590922005 1.42134176963009 1.55194516363554 1.37522669578902 0.995120997307822 1.76285164454021 1.67631406732835 1.39154127845541 1.73543768236414 1.5397528631147 0.999035226181149 1.84404477174394 0.974019875284284 1.42854295601137 1.37948297243565 0.962882539723068 1.36443295516074 1.69662384875119 1.2317392709665 1.64354218449444 0
