0 1.29140290641226 1.07501930440776 1.08027364150621 1.66864355816506 1.76232054037973 1.59848823142238 1.57582667306997 1.04877234133892 1.14603827428073 1.83996594953351 1.56884043500759 1.28475341922604 1.84070210228674 1.15946260327473 0.956452642101794 1.41798482323065 1.18027820088901 1.47915254975669 1.66011487459764 1.48343125474639 1.02955163922161 1.86543903849088 1.83102428773418 1.07442201604135 1.26525650755502 1.3090743990615 1.57319658133201 1.26466895034537 0.93027837574482
1.29140290641226 0 0.958012528950348 1.66746668424457 0.992850620532408 1.24053539359011 1.91983571276069 1.82362218736671 1.64099313598126 1.01885884953663 1.60511209024116 1.11072005936876 1.58872954337858 1.80376907205209 1.36593242664821 1.29588250187226 0.991676542442292 1.34669582056813 1.3603780020494 1.31478179641999 0.95394436805509 1.15155408461578 1.24876344599761 1.83511111489497 1.11674756277353 1.27713811467402 1.40683553181589 1.57059599761851 1.85266320267692 1.8348780348897
1.07501930440776 0.958012528950348 0 1.16794720850885 1.25419092760421 1.87057453510351 1.09583652135916 1.33343366254121 1.65059152548201 1.01025332091376 1.4646017649211 0.971025650389493 1.71046613412909 1.26341564371251 1.06319185486063 1.38588105421513 1.91532446444035 1.70294304029085 1.86242578155361 1.43416625633836 1.72608162509277 1.61546627152711 1.73082790570334 1.59456070279703 1.06953451037407 1.86169372871518 1.24388161371462 1.2245825023856 1.78690786333755 1.07064402941614
1.08027364150621 1.66746668424457 1.16794720850885 0 1.79245544481091 1.70347981341183 0.995120923034847 1.24130840157159 0.989778831368312 1.427723813802 1.24612118629739 1.82443654118106 1.12462378572673 1.84102868009359 0.955342150758952 1.02660073502921 1.49919679225422 1.56566084851511 1.92392216809094 1.86796506820247 1.75008476222865 1.476181674283 1.62822747859173 1.40161635517143 1.79891607933678 1.3259031821508 1.42046039830893 1.68244781135581 1.66887614829466 1.58841606415808
1.66864355816506 0.992850620532408 1.25419092760421 1.79245544481091 0 1.63122111535631 1.39830026286654 1.55817018682137 1.50122160580941 1.25782281765714 1.1865384276025 1.55907856742851 1.18095439416356 1.23206647508778 1.2897447696887 1.59278824273497 1.18061890522949 1.46157558588311 0.957245133584365 1.69762925454415 1.40342741296627 1.28368815314025 1.59480746416375 1.45607114816085 1.60160904284567 1.90985753177665 1.10757610667497 1.18370247841813 1.05170621722937 1.40074292314239
1.76232054037973 1.24053539359011 1.87057453510351 1.70347981341183 1.63122111535631 0 1.21264629461803 1.01914736279286 1.57849802263081 1.18808763567358 1.26441148947924 1.35951325856149 1.70618431689218 1.68570412322879 1.05111850379035 1.47774043655954 1.57042480399832 1.13164722686633 1.83171767089516 1.6498870186042 1.11817065626383 1.22931528720073 1.18974685226567 1.45854856004007 1.23986418033019 1.74787775054574 1.58195945271291 1.0370612568222 1.91669255099259 1.04613228328526
1.59848823142238 1.91983571276069 1.09583652135916 0.995120923034847 1.39830026286654 1.21264629461803 0 1.44792937743478 1.24145086645149 1.04524398688227 0.973843523534015 1.51512342016213 1.70115746348165 1.82088433927856 1.71191262057982 1.83536170213483 1.61534074647352 1.26854568580166 1.18915366451256 1.41299677826464 1.84362707217224 1.28581789997406 1.09324904158711 1.53482811083086 1.29331675171852 1.91629220917821 1.79946095403284 1.38022706238553 1.43526147841476 1.83603301458061
1.57582667306997 1.82362218736671 1.33343366254121 1.24130840157159 1.55817018682137 1.01914736279286 1.44792937743478 0 1.77087106788531 1.53340803808533 1.9014755145181 1.37277357303537 1.19559254357591 0.934601772110909 1.90638460498303 1.21044453792274 1.39139696094207 1.77610282972455 1.14357073465362 1.78791535296477 1.65698368055746 0.99081603763625 1.35862587322481 0.93678197497502 1.85956971836276 1.58162579359487 1.14014775143005 1.90687800082378 1.51861250214279 0.947262769564986
1.04877234133892 1.64099313598126 1.65059152548201 0.989778831368312 1.50122160580941 1.57849802263081 1.24145086645149 1.77087106788531 0 1.45454609789886 0.945296926423907 1.71614596992731 1.40954210166819 1.9228218626231 1.82179205631837 1.6297561286483 1.28599781473167 1.68854985176586 1.13899015868083 1.42696014465764 1.87496511894278 1.1247052224353 1.77641465584747 1.87343008886091 1.65187033428811 1.73862212593667 1.79604333778843 1.91308565600775 1.63049810146913 1.79604001785628
1.14603827428073 1.01885884953663 1.01025332091376 1.427723813802 1.25782281765714 1.18808763567358 1.04524398688227 1.53340803808533 1.45454609789886 0 1.59354134416208 1.05940551962703 1.45799077814445 1.25205238605849 1.46040762891062 1.55019816453569 1.05009490833618 1.53545649512671 1.75612905644812 1.78519833507016 0.986537348013371 1.19276813627221 1.11317550693639 0.971327610546723 1.16395967779681 1.71386389643885 1.2088829530403 1.68592663714662 1.32130868569948 1.13737981347367
1.83996594953351 1.60511209024116 1.4646017649211 1.24612118629739 1.1865384276025 1.26441148947924 0.973843523534015 1.9014755145181 0.945296926423907 1.59354134416208 0 1.89030202082358 1.85074371169321 1.05595424561761 1.51883143233135 1.84605467715301 1.83825818262994 1.49036859977059 1.83396304980852 1.22401053085923 1.39796468941495 1.53569875168614 1.04923679353669 1.81632239953615 1.18020987696946 0.942448685644194 1.91090065194294 1.3419634134043 1.85689744492993 1.68816348724067
1.56884043500759 1.11072005936876 0.971025650389493 1.82443654118106 1.55907856742851 1.35951325856149 1.51512342016213 1.37277357303537 1.71614596992731 1.05940551962703 1.89030202082358 0 1.3886745327618 1.01723773195408 1.74285228224471 0.970998586388305 1.84958056895994 1.10724895540625 1.01772691635415 1.92304240516387 1.48781692609191 1.84108120645396 1.18480077246204 1.64553276449442 1.80209611286409 1.0619241646491 1.50954126566648 1.39131064224057 1.14301502332091 1.1513103665784
1.28475341922604 1.58872954337858 1.71046613412909 1.12462378572673 1.18095439416356 1.70618431689218 1.70115746348165 1.19559254357591 1.40954210166819 1.45799077814445 1.85074371169321 1.3886745327618 0 1.51842353516258 1.09459815453738 1.12187360762618 1.463203570107 1.26178188039921 1.55501021584496 1.63148285681382 1.9289899317082 1.7200856464915 1.51302711945027 0.985990922432393 1.45285331155173 1.34206629008986 1.16004558163695 1.20591237186454 1.43468692270108 1.48774900147691
1.84070210228674 1.80376907205209 1.26341564371251 1.84102868009359 1.23206647508778 1.68570412322879 1.82088433927856 0.934601772110909 1.9228218626231 1.25205238605849 1.05595424561761 1.01723773195408 1.51842353516258 0 1.36893982766196 1.00889063882641 1.70923047233373 1.53683234052733 1.76310459314846 0.973740157671273 1.71644384763204 1.92163330130279 1.75093726650812 1.00396751076914 1.14689759537578 1.03533062990755 1.38349840277806 1.07221715641208 0.998806758085266 1.07823243690655
1.15946260327473 1.36593242664821 1.06319185486063 0.955342150758952 1.2897447696887 1.05111850379035 1.71191262057982 1.90638460498303 1.82179205631837 1.46040762891062 1.51883143233135 1.74285228224471 1.09459815453738 1.36893982766196 0 1.15811746427789 1.10350441816263 1.14482038794085 1.61975972936489 1.265037962934 1.59333223942667 1.77637887164019 1.23538656742312 1.01057915552519 1.34901768621057 1.23361421423033 1.56158161628991 1.34273746307008 1.02496125875041 1.59632993652485
0.956452642101794 1.29588250187226 1.38588105421513 1.02660073502921 1.59278824273497 1.47774043655954 1.83536170213483 1.21044453792274 1.6297561286483 1.55019816453569 1.84605467715301 0.970998586388305 1.12187360762618 1.00889063882641 1.15811746427789 0 1.18285515648313 0.974487473722547 1.12525115185417 1.13322894042358 1.11417793785222 1.87308754003607 1.61808487586677 1.70055654505268 1.16267700260505 1.1064484952949 1.07462452887557 1.23789576231502 1.72071540309116 1.62053049425595
1.41798482323065 0.991676542442292 1.91532446444035 1.49919679225422 1.18061890522949 1.57042480399832 1.61534074647352 1.39139696094207 1.28599781473167 1.05009490833618 1.83825818262994 1.84958056895994 1.463203570107 1.70923047233373 1.10350441816263 1.18285515648313 0 1.27084737899713 1.84208977455273 1.34412604267709 1.28290355275385 1.07626491459087 1.04132496519014 1.08071780903265 1.79350715270266 1.63310401607305 1.31649256520905 1.41535710915923 1.3417642924469 1.65879993815906
1.18027820088901 1.34669582056813 1.70294304029085 1.56566084851511 1.46157558588311 1.13164722686633 1.26854568580166 1.77610282972455 1.68854985176586 1.53545649512671 1.49036859977059 1.10724895540625 1.26178188039921 1.53683234052733 1.14482038794085 0.974487473722547 1.27084737899713 0 1.65232167276554 1.08710398548283 1.08432350377552 1.69667427218519 1.88444230426103 1.68916667695157 1.8519260941539 1.7885140972212 1.2711214912124 1.48180384235457 1.75243757013232 1.66856455523521
1.47915254975669 1.3603780020494 1.86242578155361 1.92392216809094 0.957245133584365 1.83171767089516 1.18915366451256 1.14357073465362 1.13899015868083 1.75612905644812 1.83396304980852 1.01772691635415 1.55501021584496 1.76310459314846 1.61975972936489 1.12525115185417 1.84208977455273 1.65232167276554 0 1.52114682784304 1.27390620112419 1.50764070847072 1.24539984762669 0.943160543683916 1.8278861886356 1.01559478230774 1.63499288074672 1.02498524845578 1.30514852586202 1.45513661578298
1.66011487459764 1.31478179641999 1.43416625633836 1.86796506820247 1.69762925454415 1.6498870186042 1.41299677826464 1.78791535296477 1.42696014465764 1.78519833507016 1.22401053085923 1.92304240516387 1.63148285681382 0.973740157671273 1.265037962934 1.13322894042358 1.34412604267709 1.08710398548283 1.52114682784304 0 1.12167847319506 1.80571242282167 1.46210689703003 1.07294000941329 1.34202951099724 1.24727509263903 1.17233235621825 1.57449963921681 1.63342609861866 1.12375418725424
1.48343125474639 0.95394436805509 1.72608162509277 1.75008476222865 1.40342741296627 1.11817065626383 1.84362707217224 1.65698368055746 1.87496511894278 0.986537348013371 1.39796468941495 1.48781692609191 1.9289899317082 1.71644384763204 1.59333223942667 1.11417793785222 1.28290355275385 1.08432350377552 1.27390620112419 1.12167847319506 0 1.57456480641849 1.85651584900916 1.05312637099996 1.13152405619621 1.91250885860063 1.85790245980024 1.30494621675462 1.6915382524021 1.6850812707562
1.02955163922161 1.15155408461578 1.61546627152711 1.476181674283 1.28368815314025 1.22931528720073 1.28581789997406 0.99081603763625 1.1247052224353 1.19276813627221 1.53569875168614 1.84108120645396 1.7200856464915 1.92163330130279 1.77637887164019 1.87308754003607 1.07626491459087 1.69667427218519 1.50764070847072 1.80571242282167 1.57456480641849 0 1.42339536687359 1.82339633093216 1.13795734685846 1.78902606456541 0.985114224255085 1.10054311552085 1.07924398873001 1.84752019913867
1.86543903849088 1.24876344599761 1.73082790570334 1.62822747859173 1.59480746416375 1.18974685226567 1.09324904158711 1.35862587322481 1.77641465584747 1.11317550693639 1.04923679353669 1.18480077246204 1.51302711945027 1.75093726650812 1.23538656742312 1.61808487586677 1.04132496519014 1.88444230426103 1.24539984762669 1.46210689703003 1.85651584900916 1.42339536687359 0 1.07768903323449 1.12607721029781 1.10808713547885 1.66299381316639 1.47902885405347 1.50346885458566 0.949019931955263
1.83102428773418 1.83511111489497 1.59456070279703 1.40161635517143 1.45607114816085 1.45854856004007 1.53482811083086 0.93678197497502 1.87343008886091 0.971327610546723 1.81632239953615 1.64553276449442 0.985990922432393 1.00396751076914 1.01057915552519 1.70055654505268 1.08071780903265 1.68916667695157 0.943160543683916 1.07294000941329 1.05312637099996 1.82339633093216 1.07768903323449 0 1.85211651143618 1.38022281229496 1.51992230210453 1.37131634447724 1.7695920933038 1.81969085894525
1.07442201604135 1.11674756277353 1.06953451037407 1.79891607933678 1.60160904284567 1.23986418033019 1.29331675171852 1.85956971836276 1.65187033428811 1.16395967779681 1.18020987696946 1.80209611286409 1.45285331155173 1.14689759537578 1.34901768621057 1.16267700260505 1.79350715270266 1.8519260941539 1.8278861886356 1.34202951099724 1.13152405619621 1.13795734685846 1.12607721029781 1.85211651143618 0 1.80305381561629 1.78223552834243 1.49829223472625 1.0758004123345 1.14709967398085
1.26525650755502 1.27713811467402 1.86169372871518 1.3259031821508 1.90985753177665 1.74787775054574 1.91629220917821 1.58162579359487 1.73862212593667 1.71386389643885 0.942448685644194 1.0619241646491 1.34206629008986 1.03533062990755 1.23361421423033 1.1064484952949 1.63310401607305 1.7885140972212 1.01559478230774 1.24727509263903 1.91250885860063 1.78902606456541 1.10808713547885 1.38022281229496 1.80305381561629 0 1.05054771341383 1.38367774663493 1.07287618191913 0.988179922103882
1.3090743990615 1.40683553181589 1.24388161371462 1.42046039830893 1.10757610667497 1.58195945271291 1.79946095403284 1.14014775143005 1.79604333778843 1.2088829530403 1.91090065194294 1.50954126566648 1.16004558163695 1.38349840277806 1.56158161628991 1.07462452887557 1.31649256520905 1.2711214912124 1.63499288074672 1.17233235621825 1.85790245980024 0.985114224255085 1.66299381316639 1.51992230210453 1.78223552834243 1.05054771341383 0 1.50422616722062 1.37358445534483 1.35800553765148
1.57319658133201 1.57059599761851 1.2245825023856 1.68244781135581 1.18370247841813 1.0370612568222 1.38022706238553 1.90687800082378 1.91308565600775 1.68592663714662 1.3419634134043 1.39131064224057 1.20591237186454 1.07221715641208 1.34273746307008 1.23789576231502 1.41535710915923 1.48180384235457 1.02498524845578 1.57449963921681 1.30494621675462 1.10054311552085 1.47902885405347 1.37131634447724 1.49829223472625 1.38367774663493 1.50422616722062 0 1.58306358125992 1.63341185031459
1.26466895034537 1.85266320267692 1.78690786333755 1.66887614829466 1.05170621722937 1.91669255099259 1.43526147841476 1.51861250214279 1.63049810146913 1.32130868569948 1.85689744492993 1.14301502332091 1.43468692270108 0.998806758085266 1.02496125875041 1.72071540309116 1.3417642924469 1.75243757013232 1.30514852586202 1.63342609861866 1.6915382524021 1.07924398873001 1.50346885458566 1.7695920933038 1.0758004123345 1.07287618191913 1.37358445534483 1.58306358125992 0 1.15902901091613
0.93027837574482 1.8348780348897 1.07064402941614 1.58841606415808 1.40074292314239 1.04613228328526 1.83603301458061 0.947262769564986 1.79604001785628 1.13737981347367 1.68816348724067 1.1513103665784 1.48774900147691 1.07823243690655 1.59632993652485 1.62053049425595 1.65879993815906 1.66856455523521 1.45513661578298 1.12375418725424 1.6850812707562 1.84752019913867 0.949019931955263 1.81969085894525 1.14709967398085 0.988179922103882 1.35800553765148 1.63341185031459 1.15902901091613 0
