0 1.44822613475844 1.51477139745839 1.69379442348145 1.61871704203077 1.47578723938204 1.52543424000032 1.12158540566452 1.81413162895478 0.988285927800462 0.960541956825182 1.1174683268182 0.988543092506006 1.34236716944724 1.41856997669674 1.44049787963741 1.16506419354118 1.70454378891736 1.01235644170083 1.8685997959692 1.08323755324818 1.75300239305943 1.90982301090844 1.07925424049608 1.50596319651231 1.01874485472217 1.79373447829857 1.02962512825616 1.71279096370563 1.71130464272574
1.44822613475844 0 0.990315986098722 1.7047369715292 1.87725445441902 1.88583726482466 1.46986750513315 1.65371847245842 1.64886072394438 1.5492704892531 1.43809247529134 1.18311296380125 1.59837240772322 1.58221586328 1.23796595376916 1.43756349314936 1.5776279408019 1.32728766766377 1.07563156331889 1.42358261090703 1.40142446220852 1.14373478060588 1.23116448451765 1.94658615696244 1.2556646768935 1.2210494177416 1.29318053345196 1.89090921357274 1.45186271518469 1.42369281803258
1.51477139745839 0.990315986098722 0 1.82133964495733 1.07967081223615 1.67334932927042 1.16681258869357 1.11211707862094 1.13134991214611 0.962127382401377 1.41557700396515 1.29111941996962 1.01696428796276 1.29640435124747 1.90346135385334 1.56808509374969 1.10589981172234 1.57505806908011 1.34851810266264 1.0130503627006 1.01108082057908 1.08464605268091 1.55528624425642 1.41712404415011 1.42035592207685 1.64104783977382 1.00928912032396 1.37814509216696 1.41531604528427 1.9420654294081
1.69379442348145 1.7047369715292 1.82133964495733 0 1.85614128736779 1.36432299390435 0.995284267235547 1.32530341180973 1.1221221559681 1.00260328943841 1.3265351250302 1.74153114599176 1.67400867771357 1.91914174682461 1.44836050784215 0.956673950655386 1.9440043871291 1.904271597974 1.01380700268783 1.12563779484481 1.331319531193 1.36633663531393 1.08703523734584 1.04535137023777 1.10144108324312 1.6863613105379 0.9806204426568 1.3341594543308 0.992104462347925 1.70195914478973
1.61871704203077 1.87725445441902 1.07967081223615 1.85614128736779 0 1.85952450637706 1.68335293373093 1.35460052522831 1.62415048549883 1.6942391814664 1.02828876907006 1.1605140962638 1.91347899707034 1.62885235901922 1.55522250477225 1.18393375026062 1.89080700208433 1.17956032627262 1.33014498255216 1.6092788008973 1.55678760213777 1.87802122836001 1.26100198039785 1.17101593199186 1.43986269342713 1.38602810166776 1.02232449664734 1.41915810434148 1.89235660526901 1.26564206997864
1.47578723938204 1.88583726482466 1.67334932927042 1.36432299390435 1.85952450637706 0 1.05837119999342 1.03421286260709 0.99769337545149 1.61524651292711 1.59942832705565 1.41411517001688 1.43081577704288 1.20419494132511 1.38481823191978 1.63855801080354 1.90972058381885 1.45594515372068 0.951682655373588 1.57499422226101 1.67998292227276 1.25052080117166 1.89870938914828 1.29719338496216 1.93340521608479 1.57275618403219 1.00349055510014 0.998903685249388 0.975345640210435 1.05978976329789
1.52543424000032 1.46986750513315 1.16681258869357 0.995284267235547 1.68335293373093 1.05837119999342 0 1.57144078123383 1.04773272457533 1.19225618941709 1.59768811357208 1.83105093124323 1.27245164988562 1.83414760557935 1.31537878839299 1.61451513506472 0.97755409264937 1.06252223695628 1.31335204071365 1.33782381704077 1.47639525448903 1.38711288012564 1.13884170446545 1.01658580731601 1.77120686741546 0.988386224023998 1.70861516171135 1.52072547771968 1.60776803735644 1.1670535299927
1.12158540566452 1.65371847245842 1.11211707862094 1.32530341180973 1.35460052522831 1.03421286260709 1.57144078123383 0 0.997985800495371 1.19762327522039 1.13149973703548 1.31145315384492 1.33847790048458 1.06921903206967 1.02818921231665 1.82610537507571 1.64315133239143 1.4414934979286 1.32878195610829 1.48109770636074 1.94200888718478 1.28308711503632 1.93992227409035 1.63129035755992 1.63870606385171 1.58575532282703 1.73118367674761 1.45690650632605 1.32093977346085 1.60012512188405
1.81413162895478 1.64886072394438 1.13134991214611 1.1221221559681 1.62415048549883 0.99769337545149 1.04773272457533 0.997985800495371 0 1.18233915953897 1.15706114959903 1.81891717924736 1.10513399913907 1.40482013951987 1.00747898523696 1.89641657075845 1.75310127739795 1.26596991112456 1.47298991773278 1.9096449019853 1.67744021792896 1.07948642713018 1.35132120107301 1.34919683495536 1.23323656455614 1.53250131639652 1.92111070547253 1.71751271025278 1.55972273182124 1.85006983811036
0.988285927800462 1.5492704892531 0.962127382401377 1.00260328943841 1.6942391814664 1.61524651292711 1.19225618941709 1.19762327522039 1.18233915953897 0 1.30140555370599 1.74221069808118 1.0030511203222 1.88497393019497 0.966578238876536 1.93616849835962 1.85476112435572 1.54303677869029 1.82872506091371 1.16483805282041 1.38222241401672 1.57916536857374 1.31647022091784 1.22738730558194 1.49717593262903 0.988387470133603 1.29062930797227 1.21798471407965 1.82755746645853 1.07918005972169
0.960541956825182 1.43809247529134 1.41557700396515 1.3265351250302 1.02828876907006 1.59942832705565 1.59768811357208 1.13149973703548 1.15706114959903 1.30140555370599 0 1.54367645527236 1.58418681938201 1.52619409211911 1.18631559470668 1.46627338603139 1.89772999496199 1.55403246963397 1.39594053965993 1.50146863143891 1.67721191840246 1.52281004539691 1.80350022902712 1.26676193717867 1.5798140806146 1.29470660653897 1.5025464897044 1.82547074859031 1.16311044828035 1.91550979739986
1.1174683268182 1.18311296380125 1.29111941996962 1.74153114599176 1.1605140962638 1.41411517001688 1.83105093124323 1.31145315384492 1.81891717924736 1.74221069808118 1.54367645527236 0 1.06976559502073 0.984444487839937 1.21246226737276 1.49790739454329 1.32249525003135 1.735903511988 0.971696994733065 1.80674067861401 1.05747334961779 1.52785388473421 1.76029687235132 0.986569639062509 1.89873562287539 1.6546637210995 1.94697627308778 1.87693305290304 1.12392798042856 1.67948853340931
0.988543092506006 1.59837240772322 1.01696428796276 1.67400867771357 1.91347899707034 1.43081577704288 1.27245164988562 1.33847790048458 1.10513399913907 1.0030511203222 1.58418681938201 1.06976559502073 0 1.50194947957061 1.7349273969885 1.76210932340473 1.43729633884504 1.31051691970788 1.30906720552593 1.14763945224695 1.56746194465086 1.52138156956062 1.58328028791584 1.12097377842292 1.72567079798318 1.64468499319628 1.84188791038468 1.5446852913592 1.69971755123697 1.40129796485417
1.34236716944724 1.58221586328 1.29640435124747 1.91914174682461 1.62885235901922 1.20419494132511 1.83414760557935 1.06921903206967 1.40482013951987 1.88497393019497 1.52619409211911 0.984444487839937 1.50194947957061 0 1.59740033978596 1.63942236360162 1.37718415306881 0.998438859824091 1.07139122975059 1.56674749031663 1.45820921869017 1.53568923473358 1.50553902611136 1.62026000814512 1.1843862356618 1.20572813809849 1.39620258309878 1.30134774884209 1.85421232809313 0.950728869531304
1.41856997669674 1.23796595376916 1.90346135385334 1.44836050784215 1.55522250477225 1.38481823191978 1.31537878839299 1.02818921231665 1.00747898523696 0.966578238876536 1.18631559470668 1.21246226737276 1.7349273969885 1.59740033978596 0 1.36047440208495 1.55176467099227 1.21553393965587 1.17220409330912 1.85480652214028 1.38245723373257 1.19758559926413 0.992752216756344 1.39445598376915 1.49356040148996 1.21138144517317 1.57685938524082 1.25684194429778 1.25802423502319 1.627258077031
1.44049787963741 1.43756349314936 1.56808509374969 0.956673950655386 1.18393375026062 1.63855801080354 1.61451513506472 1.82610537507571 1.89641657075845 1.93616849835962 1.46627338603139 1.49790739454329 1.76210932340473 1.63942236360162 1.36047440208495 0 1.81688037049025 1.74008418759331 1.39210246247239 1.84396077715792 1.25501530128531 1.34848978859372 1.16060920315795 1.15064963093027 1.74502162472345 1.67175547359511 1.17976975976489 1.08274114993401 1.94877841300331 1.12271403078921
1.16506419354118 1.5776279408019 1.10589981172234 1.9440043871291 1.89080700208433 1.90972058381885 0.97755409264937 1.64315133239143 1.75310127739795 1.85476112435572 1.89772999496199 1.32249525003135 1.43729633884504 1.37718415306881 1.55176467099227 1.81688037049025 0 1.74491945886984 1.86029544542544 1.3936666988302 1.29585614334792 1.64346936065704 1.47620889684185 1.7190983176697 1.72439300338738 1.03134828503244 1.72600961267017 1.46468723006546 1.51736474456266 1.46838531061076
1.70454378891736 1.32728766766377 1.57505806908011 1.904271597974 1.17956032627262 1.45594515372068 1.06252223695628 1.4414934979286 1.26596991112456 1.54303677869029 1.55403246963397 1.735903511988 1.31051691970788 0.998438859824091 1.21553393965587 1.74008418759331 1.74491945886984 0 1.94009906984866 1.43864143872634 1.02464823517948 1.66144337761216 1.93930805614218 1.55309676518664 1.35641696304083 1.47248875163496 1.19348556292243 1.76605812949128 1.36214882368222 1.28527304599993
1.01235644170083 1.07563156331889 1.34851810266264 1.01380700268783 1.33014498255216 0.951682655373588 1.31335204071365 1.32878195610829 1.47298991773278 1.82872506091371 1.39594053965993 0.971696994733065 1.30906720552593 1.07139122975059 1.17220409330912 1.39210246247239 1.86029544542544 1.94009906984866 0 1.4015082011465 1.35001066769473 0.981243022950366 1.44019239838235 1.81938131852075 1.51838157116435 1.2851773200091 1.70258237072267 1.89250122522935 1.69925346411765 1.22234223270789
1.8685997959692 1.42358261090703 1.0130503627006 1.12563779484481 1.6092788008973 1.57499422226101 1.33782381704077 1.48109770636074 1.9096449019853 1.16483805282041 1.50146863143891 1.80674067861401 1.14763945224695 1.56674749031663 1.85480652214028 1.84396077715792 1.3936666988302 1.43864143872634 1.4015082011465 0 0.979022117564455 1.35631288541481 1.60799681465141 1.10650466801599 1.82111650751904 1.00690889870748 1.13375260401517 1.34161721169949 1.2968919640407 1.71116773225367
1.08323755324818 1.40142446220852 1.01108082057908 1.331319531193 1.55678760213777 1.67998292227276 1.47639525448903 1.94200888718478 1.67744021792896 1.38222241401672 1.67721191840246 1.05747334961779 1.56746194465086 1.45820921869017 1.38245723373257 1.25501530128531 1.29585614334792 1.02464823517948 1.35001066769473 0.979022117564455 0 1.3283876166679 1.1467573614791 1.20841400022618 1.22675698180683 1.70388605399057 1.22001910349354 1.41128574078903 1.93501140503213 1.14965027966537
1.75300239305943 1.14373478060588 1.08464605268091 1.36633663531393 1.87802122836001 1.25052080117166 1.38711288012564 1.28308711503632 1.07948642713018 1.57916536857374 1.52281004539691 1.52785388473421 1.52138156956062 1.53568923473358 1.19758559926413 1.34848978859372 1.64346936065704 1.66144337761216 0.981243022950366 1.35631288541481 1.3283876166679 0 1.11393708689138 1.7713210741058 1.65766793978401 1.77333553461358 1.0874192554038 1.28931163018569 1.78690050379373 1.31572401896119
1.90982301090844 1.23116448451765 1.55528624425642 1.08703523734584 1.26100198039785 1.89870938914828 1.13884170446545 1.93992227409035 1.35132120107301 1.31647022091784 1.80350022902712 1.76029687235132 1.58328028791584 1.50553902611136 0.992752216756344 1.16060920315795 1.47620889684185 1.93930805614218 1.44019239838235 1.60799681465141 1.1467573614791 1.11393708689138 0 1.01725690299645 1.56558573013172 1.14706799271517 1.71177030773833 1.03433554712683 1.49326908425428 1.23487108992413
1.07925424049608 1.94658615696244 1.41712404415011 1.04535137023777 1.17101593199186 1.29719338496216 1.01658580731601 1.63129035755992 1.34919683495536 1.22738730558194 1.26676193717867 0.986569639062509 1.12097377842292 1.62026000814512 1.39445598376915 1.15064963093027 1.7190983176697 1.55309676518664 1.81938131852075 1.10650466801599 1.20841400022618 1.7713210741058 1.01725690299645 0 1.25858401600271 1.55367511557415 1.06099930452183 0.965456005651504 1.88575474894606 1.59691710444167
1.50596319651231 1.2556646768935 1.42035592207685 1.10144108324312 1.43986269342713 1.93340521608479 1.77120686741546 1.63870606385171 1.23323656455614 1.49717593262903 1.5798140806146 1.89873562287539 1.72567079798318 1.1843862356618 1.49356040148996 1.74502162472345 1.72439300338738 1.35641696304083 1.51838157116435 1.82111650751904 1.22675698180683 1.65766793978401 1.56558573013172 1.25858401600271 0 1.77070290409029 1.53997768415138 1.87783492868766 1.93885341472924 1.79234282299876
1.01874485472217 1.2210494177416 1.64104783977382 1.6863613105379 1.38602810166776 1.57275618403219 0.988386224023998 1.58575532282703 1.53250131639652 0.988387470133603 1.29470660653897 1.6546637210995 1.64468499319628 1.20572813809849 1.21138144517317 1.67175547359511 1.03134828503244 1.47248875163496 1.2851773200091 1.00690889870748 1.70388605399057 1.77333553461358 1.14706799271517 1.55367511557415 1.77070290409029 0 0.984105597250164 1.69909073016606 1.82737038447522 1.74528203275986
1.79373447829857 1.29318053345196 1.00928912032396 0.9806204426568 1.02232449664734 1.00349055510014 1.70861516171135 1.73118367674761 1.92111070547253 1.29062930797227 1.5025464897044 1.94697627308778 1.84188791038468 1.39620258309878 1.57685938524082 1.17976975976489 1.72600961267017 1.19348556292243 1.70258237072267 1.13375260401517 1.22001910349354 1.0874192554038 1.71177030773833 1.06099930452183 1.53997768415138 0.984105597250164 0 1.2314732465893 1.73789825686254 1.89195760921575
1.02962512825616 1.89090921357274 1.37814509216696 1.3341594543308 1.41915810434148 0.998903685249388 1.52072547771968 1.45690650632605 1.71751271025278 1.21798471407965 1.82547074859031 1.87693305290304 1.5446852913592 1.30134774884209 1.25684194429778 1.08274114993401 1.46468723006546 1.76605812949128 1.89250122522935 1.34161721169949 1.41128574078903 1.28931163018569 1.03433554712683 0.965456005651504 1.87783492868766 1.69909073016606 1.2314732465893 0 1.1721168665681 1.36573234037496
1.71279096370563 1.45186271518469 1.41531604528427 0.992104462347925 1.89235660526901 0.975345640210435 1.60776803735644 1.32093977346085 1.55972273182124 1.82755746645853 1.16311044828035 1.12392798042856 1.69971755123697 1.85421232809313 1.25802423502319 1.94877841300331 1.51736474456266 1.36214882368222 1.69925346411765 1.2968919640407 1.93501140503213 1.78690050379373 1.49326908425428 1.88575474894606 1.93885341472924 1.82737038447522 1.73789825686254 1.1721168665681 0 1.6401074770838
1.71130464272574 1.42369281803258 1.9420654294081 1.70195914478973 1.26564206997864 1.05978976329789 1.1670535299927 1.60012512188405 1.85006983811036 1.07918005972169 1.91550979739986 1.67948853340931 1.40129796485417 0.950728869531304 1.627258077031 1.12271403078921 1.46838531061076 1.28527304599993 1.22234223270789 1.71116773225367 1.14965027966537 1.31572401896119 1.23487108992413 1.59691710444167 1.79234282299876 1.74528203275986 1.89195760921575 1.36573234037496 1.6401074770838 0
