0 1.44201148557477 1.65849402733147 1.41613978310488 0.994722024071962 1.12879987037741 1.80282033816911 1.41805107099935 1.3650788476225 1.56945721339434 1.46463187015615 1.27848468045704 1.5768265214283 1.13756373245269 1.27805432444438 0.997474784962833 1.64780197385699 1.18592568603344 1.89004935743287 0.975586381042376 1.76435472094454 1.36715223523788 1.5751305508893 1.56814097939059 1.87890768889338 1.78053252701648 1.87454955372959 1.51218743016943 1.36322369333357 1.36796541837975
1.44201148557477 0 1.67269878601655 1.69794606231153 1.44219218823127 1.80323511688039 1.62987288017757 1.66215816047043 1.51067476463504 1.50966312480159 1.31674441811629 1.68902572384104 1.93875786685385 1.71289962995797 1.77135217259638 1.39510067272931 1.52366654155776 1.93130345526151 1.62607292900793 1.81286295619793 1.29782730108127 1.04687116574496 1.31674786983058 1.25851062359288 1.49519959557801 1.91933751804754 1.47127451817505 1.55153305456042 1.83926965622231 1.58892780542374
1.65849402733147 1.67269878601655 0 1.37252721819095 1.38885778398253 1.51199925644323 1.16806240775622 1.40219795308076 1.73634601430967 1.63356946222484 1.58241157000884 1.56296653184108 1.03451380017214 1.44470567279495 1.43837913940661 1.0527206340339 1.37433801288716 1.40793197602034 1.93425490404479 1.63066286826506 1.23812053119764 1.62442268803716 1.5449437093921 1.23109763185494 1.75622386322357 1.8916518157348 1.38973164674826 1.69979035388678 1.50535312364809 1.11825926997699
1.41613978310488 1.69794606231153 1.37252721819095 0 1.03036230569705 1.16669095517136 1.54853836563416 1.22957936278544 1.30433307122439 1.52362223085947 1.74621477816254 1.31876595597714 1.33083855640143 1.70322721684352 0.971459049033001 1.24151495518163 1.25674752867781 1.91581721347757 1.54561235173605 0.994571077637374 1.02935840841383 1.85754850576632 1.20646959450096 1.05140879331157 1.73360539507121 1.74455391126685 1.44503703480586 1.5683499944862 1.39688483113423 1.00343648134731
0.994722024071962 1.44219218823127 1.38885778398253 1.03036230569705 0 1.94319127686322 1.72474285494536 1.88379412679933 1.62755709071644 1.3488962163683 1.17985446890816 1.66151470225304 1.88777673034929 1.21314212842844 1.45224777841941 1.84686679649167 1.07261075265706 1.91475819773041 1.8528271978721 1.43920171423815 1.23813382443041 1.93016273272224 1.5456575108692 1.39802387263626 1.83456113375723 1.90687346551567 1.67865266301669 1.50708573078737 1.02425688807853 1.04732790146954
1.12879987037741 1.80323511688039 1.51199925644323 1.16669095517136 1.94319127686322 0 1.16936661349609 1.12393780169077 1.1163758051116 1.72440140531398 1.58904194156639 1.61356017575599 1.09976644534618 1.65966040710919 1.45526533992961 1.82232479541562 1.34405940608121 1.43508667242713 1.45657188515179 1.06584138865583 1.43686370039359 1.80564729589969 1.3538691685535 1.01955914520659 1.24272322561592 0.973413077415898 1.49216058547609 1.05757961701602 1.20983193791471 1.50829118606634
1.80282033816911 1.62987288017757 1.16806240775622 1.54853836563416 1.72474285494536 1.16936661349609 0 1.83288261364214 1.30817712028511 1.88234704569913 1.11605008225888 1.27970329928212 1.15445842873305 1.47953466093168 1.18350020470098 1.9483901807107 1.10967116733082 1.36602615239099 1.92422538902611 1.83527191285975 1.48395291576162 1.295563014457 1.55338313709944 1.13320204196498 1.13401830359362 1.83784629264846 1.12220216589049 1.49725895794109 1.92381688486785 1.80407552607358
1.41805107099935 1.66215816047043 1.40219795308076 1.22957936278544 1.88379412679933 1.12393780169077 1.83288261364214 0 1.23679121653549 1.01022243942134 1.0465400936082 1.74817386711948 1.8701091799885 1.36916037416086 1.90723674162291 1.66343790548854 1.19600891508162 1.33374735130928 1.09526470210403 1.71456930972636 1.88960682530887 1.49654731177725 1.54660251294263 1.30592017667368 1.40715622529387 1.48921052110381 1.34291826374829 1.9001230285503 1.45473353355192 1.38647164450958
1.3650788476225 1.51067476463504 1.73634601430967 1.30433307122439 1.62755709071644 1.1163758051116 1.30817712028511 1.23679121653549 0 1.04985695029609 1.51232250453904 1.42563417926431 1.31142726400867 1.8594979417976 1.2368175953161 1.28630610345863 1.02431315137073 1.11250362615101 1.84457876998931 1.49775246251374 1.9113828164991 1.16430615750141 1.9343858754728 1.48377603059635 1.71612945781089 1.20109951519407 1.36956252064556 1.77518954733387 1.79927726974711 1.35497355507687
1.56945721339434 1.50966312480159 1.63356946222484 1.52362223085947 1.3488962163683 1.72440140531398 1.88234704569913 1.01022243942134 1.04985695029609 0 1.93319323239848 1.19925360288471 1.56220058747567 1.36829809565097 1.81236687209457 1.92167828255333 1.31746938452125 1.89110670634545 1.396436851006 1.096413977677 1.87997854524292 1.00397052266635 1.00493030273356 1.59848272707313 1.76883347937837 1.38653330761008 1.13987040310167 1.24161751614884 1.61564414435998 1.62456310866401
1.46463187015615 1.31674441811629 1.58241157000884 1.74621477816254 1.17985446890816 1.58904194156639 1.11605008225888 1.0465400936082 1.51232250453904 1.93319323239848 0 1.77839715429582 1.38785291998647 1.07965760468505 1.50370420678519 1.24969837814569 1.15079368348233 1.9266494140029 1.59469138993882 1.1819461279083 1.27160964580253 1.56069386121817 1.2677976989653 1.09044005768374 1.71673791669309 1.73199404357001 1.41322189196944 1.38705215533264 1.45179929677397 1.00026056356728
1.27848468045704 1.68902572384104 1.56296653184108 1.31876595597714 1.66151470225304 1.61356017575599 1.27970329928212 1.74817386711948 1.42563417926431 1.19925360288471 1.77839715429582 0 1.88443061523139 1.95028845965862 1.79668739740737 1.10739032388665 1.80165772815235 1.06408904702403 1.53239830862731 1.9542117039673 1.09949553268962 1.96490221843123 1.16174854314886 1.93770371214487 1.69258070387878 1.91801711777225 1.43848643125966 1.68612622539513 1.57099147560075 1.63384689879604
1.5768265214283 1.93875786685385 1.03451380017214 1.33083855640143 1.88777673034929 1.09976644534618 1.15445842873305 1.8701091799885 1.31142726400867 1.56220058747567 1.38785291998647 1.88443061523139 0 1.67968144104816 1.71238212822936 1.40039151534438 1.68578783213161 1.11510410089977 1.84641616325825 1.17893056431785 0.998674170812592 1.413340090774 1.04855735576712 1.67893707682379 1.32627903856337 1.03030521329492 1.85194806428626 1.27969547756948 1.41152552282438 1.31046691117808
1.13756373245269 1.71289962995797 1.44470567279495 1.70322721684352 1.21314212842844 1.65966040710919 1.47953466093168 1.36916037416086 1.8594979417976 1.36829809565097 1.07965760468505 1.95028845965862 1.67968144104816 0 1.0889862915501 1.28769608982839 1.96367784449831 1.19250447070226 1.4765777818393 1.19931675028056 1.82419617380947 1.86933517409489 1.3109813767951 1.18468129541725 1.01164502650499 1.41788337030448 1.02204028936103 1.1025007457938 1.15872446889989 1.16579847061075
1.27805432444438 1.77135217259638 1.43837913940661 0.971459049033001 1.45224777841941 1.45526533992961 1.18350020470098 1.90723674162291 1.2368175953161 1.81236687209457 1.50370420678519 1.79668739740737 1.71238212822936 1.0889862915501 0 1.06104666087776 1.09001768589951 1.35930793499574 1.35621687793173 1.54929607640952 1.04189159208909 1.16623788443394 1.04424238041975 1.35230330796912 1.37835855479352 1.74938088608906 1.8846824739594 1.48519800370559 1.50454684230499 1.73875547922216
0.997474784962833 1.39510067272931 1.0527206340339 1.24151495518163 1.84686679649167 1.82232479541562 1.9483901807107 1.66343790548854 1.28630610345863 1.92167828255333 1.24969837814569 1.10739032388665 1.40039151534438 1.28769608982839 1.06104666087776 0 1.79973513376899 1.55575736402534 1.33896276494488 1.5458985157311 1.83598298020661 1.8535129847005 1.74649230041541 1.3807016974315 1.24713980057277 1.49425111827441 1.87120855669491 1.8661852767691 1.21051616501063 1.69781085476279
1.64780197385699 1.52366654155776 1.37433801288716 1.25674752867781 1.07261075265706 1.34405940608121 1.10967116733082 1.19600891508162 1.02431315137073 1.31746938452125 1.15079368348233 1.80165772815235 1.68578783213161 1.96367784449831 1.09001768589951 1.79973513376899 0 1.37039858358912 1.35184352868237 1.56739875581115 1.83621554402635 1.09577809926122 1.34199703112245 1.49601201619953 1.59325792035088 0.976291718892753 1.11153983650729 1.795967515558 1.71733168745413 1.39231435838155
1.18592568603344 1.93130345526151 1.40793197602034 1.91581721347757 1.91475819773041 1.43508667242713 1.36602615239099 1.33374735130928 1.11250362615101 1.89110670634545 1.9266494140029 1.06408904702403 1.11510410089977 1.19250447070226 1.35930793499574 1.55575736402534 1.37039858358912 0 1.55920183286071 1.4836753399577 1.13859133725055 1.73636933113448 1.76865491247736 1.14022234780714 1.28842264786363 1.7271430788096 1.29703079303727 1.55148230819032 1.28909486019984 1.46739882603288
1.89004935743287 1.62607292900793 1.93425490404479 1.54561235173605 1.8528271978721 1.45657188515179 1.92422538902611 1.09526470210403 1.84457876998931 1.396436851006 1.59469138993882 1.53239830862731 1.84641616325825 1.4765777818393 1.35621687793173 1.33896276494488 1.35184352868237 1.55920183286071 0 1.51374304573983 0.971979996422306 1.82094389921986 1.44391271984205 1.24462032876909 1.20720961783081 1.38637258531526 1.57792732072994 0.995019467081875 0.972541799070314 1.66054175118916
0.975586381042376 1.81286295619793 1.63066286826506 0.994571077637374 1.43920171423815 1.06584138865583 1.83527191285975 1.71456930972636 1.49775246251374 1.096413977677 1.1819461279083 1.9542117039673 1.17893056431785 1.19931675028056 1.54929607640952 1.5458985157311 1.56739875581115 1.4836753399577 1.51374304573983 0 1.50603819801472 1.10631634900346 0.983190720900893 1.26412108843215 1.20922104804777 1.24232259485871 0.978566860081628 1.20976064959541 1.5861998652108 1.04630729230121
1.76435472094454 1.29782730108127 1.23812053119764 1.02935840841383 1.23813382443041 1.43686370039359 1.48395291576162 1.88960682530887 1.9113828164991 1.87997854524292 1.27160964580253 1.09949553268962 0.998674170812592 1.82419617380947 1.04189159208909 1.83598298020661 1.83621554402635 1.13859133725055 0.971979996422306 1.50603819801472 0 1.52898255316541 1.25689311278984 1.35852970695123 1.12316968454979 1.88266730727628 1.01323821977712 1.88058732217178 1.57504746108316 0.970187838887796
1.36715223523788 1.04687116574496 1.62442268803716 1.85754850576632 1.93016273272224 1.80564729589969 1.295563014457 1.49654731177725 1.16430615750141 1.00397052266635 1.56069386121817 1.96490221843123 1.413340090774 1.86933517409489 1.16623788443394 1.8535129847005 1.09577809926122 1.73636933113448 1.82094389921986 1.10631634900346 1.52898255316541 0 1.31716335844249 1.75324830552563 1.47538301488385 1.5552321143914 1.38254965492524 1.34123114962131 1.3152221350465 1.17770120478235
1.5751305508893 1.31674786983058 1.5449437093921 1.20646959450096 1.5456575108692 1.3538691685535 1.55338313709944 1.54660251294263 1.9343858754728 1.00493030273356 1.2677976989653 1.16174854314886 1.04855735576712 1.3109813767951 1.04424238041975 1.74649230041541 1.34199703112245 1.76865491247736 1.44391271984205 0.983190720900893 1.25689311278984 1.31716335844249 0 1.27051176084206 1.91007879679091 1.49368853005581 1.05213959282264 1.25566038512625 1.64979111403227 1.69559095380828
1.56814097939059 1.25851062359288 1.23109763185494 1.05140879331157 1.39802387263626 1.01955914520659 1.13320204196498 1.30592017667368 1.48377603059635 1.59848272707313 1.09044005768374 1.93770371214487 1.67893707682379 1.18468129541725 1.35230330796912 1.3807016974315 1.49601201619953 1.14022234780714 1.24462032876909 1.26412108843215 1.35852970695123 1.75324830552563 1.27051176084206 0 1.45244786585681 1.73717679502442 1.54913392709568 1.50992459338158 1.91826073429547 1.16128324507736
1.87890768889338 1.49519959557801 1.75622386322357 1.73360539507121 1.83456113375723 1.24272322561592 1.13401830359362 1.40715622529387 1.71612945781089 1.76883347937837 1.71673791669309 1.69258070387878 1.32627903856337 1.01164502650499 1.37835855479352 1.24713980057277 1.59325792035088 1.28842264786363 1.20720961783081 1.20922104804777 1.12316968454979 1.47538301488385 1.91007879679091 1.45244786585681 0 1.45280624227598 0.97825772757642 1.9583681197837 1.91793331434019 1.41560984402895
1.78053252701648 1.91933751804754 1.8916518157348 1.74455391126685 1.90687346551567 0.973413077415898 1.83784629264846 1.48921052110381 1.20109951519407 1.38653330761008 1.73199404357001 1.91801711777225 1.03030521329492 1.41788337030448 1.74938088608906 1.49425111827441 0.976291718892753 1.7271430788096 1.38637258531526 1.24232259485871 1.88266730727628 1.5552321143914 1.49368853005581 1.73717679502442 1.45280624227598 0 1.67402007663622 1.62831132067367 1.59349029720761 1.26461475342512
1.87454955372959 1.47127451817505 1.38973164674826 1.44503703480586 1.67865266301669 1.49216058547609 1.12220216589049 1.34291826374829 1.36956252064556 1.13987040310167 1.41322189196944 1.43848643125966 1.85194806428626 1.02204028936103 1.8846824739594 1.87120855669491 1.11153983650729 1.29703079303727 1.57792732072994 0.978566860081628 1.01323821977712 1.38254965492524 1.05213959282264 1.54913392709568 0.97825772757642 1.67402007663622 0 0.98011039220728 1.22591146314517 1.87147665349767
1.51218743016943 1.55153305456042 1.69979035388678 1.5683499944862 1.50708573078737 1.05757961701602 1.49725895794109 1.9001230285503 1.77518954733387 1.24161751614884 1.38705215533264 1.68612622539513 1.27969547756948 1.1025007457938 1.48519800370559 1.8661852767691 1.795967515558 1.55148230819032 0.995019467081875 1.20976064959541 1.88058732217178 1.34123114962131 1.25566038512625 1.50992459338158 1.9583681197837 1.62831132067367 0.98011039220728 0 1.40753505029716 1.07778079714626
1.36322369333357 1.83926965622231 1.50535312364809 1.39688483113423 1.02425688807853 1.20983193791471 1.92381688486785 1.45473353355192 1.79927726974711 1.61564414435998 1.45179929677397 1.57099147560075 1.41152552282438 1.15872446889989 1.50454684230499 1.21051616501063 1.71733168745413 1.28909486019984 0.972541799070314 1.5861998652108 1.57504746108316 1.3152221350465 1.64979111403227 1.91826073429547 1.91793331434019 1.59349029720761 1.22591146314517 1.40753505029716 0 1.6946521657519
1.36796541837975 1.58892780542374 1.11825926997699 1.00343648134731 1.04732790146954 1.50829118606634 1.80407552607358 1.38647164450958 1.35497355507687 1.62456310866401 1.00026056356728 1.63384689879604 1.31046691117808 1.16579847061075 1.73875547922216 1.69781085476279 1.39231435838155 1.46739882603288 1.66054175118916 1.04630729230121 0.970187838887796 1.17770120478235 1.69559095380828 1.16128324507736 1.41560984402895 1.26461475342512 1.87147665349767 1.07778079714626 1.6946521657519 0
