0 1.70629965141416 0.985397645970806 1.69591327779926 1.17481855279766 1.69584560929798 1.19202188728377 1.21449621836655 1.43711830559187 1.16145775211044 1.23828344955109 1.07699796766974 1.8433322396595 1.75305753387511 1.18726157257333 1.1998643791303 1.12178359017707 1.02131216414273 1.40651863464154 1.23093217308633 1.74011066998355 1.77502601360902 1.70172255230136 1.33542717900127 1.58417160389945 1.06931915134192 1.22201793640852 1.56801620079204 1.78663330711424 1.09014320326969
1.70629965141416 0 1.87829072680324 1.84353399206884 1.59285235335119 1.49833193910308 1.2877875152044 1.36014573834836 1.55427903844975 1.44848665595055 1.09586957190186 1.17001487337984 1.56542622228153 1.03199501265772 1.85901456349529 1.43027544766665 1.66122426418588 1.74643468577415 1.24959862581454 1.57740980689414 1.87128840666264 1.05596586479805 1.88699025055394 1.05118677904829 1.23591370461509 1.18723656330258 1.54148657200858 1.07417007954791 0.95352734089829 1.26773539604619
0.985397645970806 1.87829072680324 0 0.908006666693836 1.42920213192701 1.46275689709 0.958462769165635 1.86977038229816 1.01962063019164 1.67447228962556 1.59858697745949 1.65129087935202 1.31401286856271 0.988306208280846 1.09390007285401 1.16242792713456 1.36643089074641 1.55178197962232 1.83809147635475 1.24505414208397 1.73065575095825 1.34944866551086 1.5595601524692 1.74181652464904 1.18764083529823 1.2517723958008 1.77462413394824 1.73830540641211 1.44549290603027 1.5433625751175
1.69591327779926 1.84353399206884 0.908006666693836 0 1.15616369643249 0.910372743848711 1.74452174501494 1.81872031209059 1.12537701777183 0.912985635688528 1.83410449116491 1.61337736388668 1.81422019260935 1.61758118052967 1.00801157718524 1.70868214359507 1.12204624665901 1.17198609001935 1.06244715885259 1.49545057211071 1.17597256228328 1.1743126087822 1.27236058283597 1.17633721767925 1.3218204267323 1.2812380080577 1.79989761253819 0.937622878933325 1.31690192315727 0.901905747363344
1.17481855279766 1.59285235335119 1.42920213192701 1.15616369643249 0 1.76823644456454 1.2708009975031 1.47507842886262 1.62557554920204 1.48135283985175 1.54867263766937 1.27267946000211 1.71075451653451 1.86077256710269 0.975354036083445 1.15437235194258 1.25503971474245 1.16877667186782 1.31290909857489 1.89761131862178 1.24001559684984 1.77215445344336 1.53169529279694 1.85328632127494 1.05424559116364 1.12835016963072 1.84477006527595 1.83900508005172 1.44605983514339 1.15841831592843
1.69584560929798 1.49833193910308 1.46275689709 0.910372743848711 1.76823644456454 0 1.70480935554951 1.55691021075472 1.75283889146522 1.51026033866219 1.49572171340697 0.968103747116402 1.45127044059336 1.12806963105686 1.45306684449315 1.14843778871 1.74526275368407 1.41274755704217 0.926428636768833 1.63400199217722 1.79856814257801 1.31859264080413 1.19293910707347 1.86746520455927 1.17432981962338 1.10811349772848 1.51610437477939 1.49602544680238 1.78423969005235 1.29122258001007
1.19202188728377 1.2877875152044 0.958462769165635 1.74452174501494 1.2708009975031 1.70480935554951 0 1.59758037072606 1.76597291557118 1.64848694182001 1.78162610414438 1.85452674608678 1.858366120141 1.57709521357901 1.47992821503431 1.42688010958955 1.24314107466489 1.32096776668914 1.57161175855435 1.52530009252951 1.56622760510072 1.09861986734904 0.917634282261133 1.63679568027146 0.979538010666147 1.12071591150016 1.29118826938793 1.75917240395211 1.0544201717712 1.5770629956387
1.21449621836655 1.36014573834836 1.86977038229816 1.81872031209059 1.47507842886262 1.55691021075472 1.59758037072606 0 1.44941294123419 1.33822706690989 0.988961013732478 1.57693392597139 1.78002583421767 1.07512737694196 1.26422873674892 1.16930620023049 1.2494508845266 1.11888263234869 0.944133673096076 0.976569258142263 1.40454716747627 1.49770849500783 1.34134122729301 1.02192182373255 1.7135322582908 1.00827673985623 1.22065373184159 1.32192447222769 0.988567696651444 1.75918036466464
1.43711830559187 1.55427903844975 1.01962063019164 1.12537701777183 1.62557554920204 1.75283889146522 1.76597291557118 1.44941294123419 0 1.2323516823817 1.4982440052554 1.17743938742206 1.80512066371739 1.56129732378758 1.78768269834109 1.40558798750862 1.29319171584211 1.40882089920342 1.63731430657208 1.14072866132483 1.67895755707286 1.32977643958293 1.25388716603629 1.39458641549572 0.983746149810031 1.27848471351899 1.32966982084326 0.942891349550337 1.81670639151707 1.76937854802236
1.16145775211044 1.44848665595055 1.67447228962556 0.912985635688528 1.48135283985175 1.51026033866219 1.64848694182001 1.33822706690989 1.2323516823817 0 0.921118855476379 1.36698101251386 0.971533172531053 0.985864525195211 1.4593520660419 1.05179895553738 1.24936278653331 0.993365285685286 1.62334311753511 1.18303157086484 1.07843035995029 1.02295054332353 1.88168178033084 1.88106260518543 1.42833532649092 1.61571660265326 1.3754640230909 1.4555702933576 1.89056948735379 1.11343860183842
1.23828344955109 1.09586957190186 1.59858697745949 1.83410449116491 1.54867263766937 1.49572171340697 1.78162610414438 0.988961013732478 1.4982440052554 0.921118855476379 0 1.27112774946727 0.957243889104575 1.8564521484077 1.49496892769821 1.76558119896799 1.3348038776312 1.08455069945194 1.3290078190621 1.12629648973234 1.49084274657071 1.82284939521924 1.65687307342887 1.27522209146991 1.40798363601789 1.47141402424313 1.60103460820392 1.47197197563946 1.10002683079801 0.99360214616172
1.07699796766974 1.17001487337984 1.65129087935202 1.61337736388668 1.27267946000211 0.968103747116402 1.85452674608678 1.57693392597139 1.17743938742206 1.36698101251386 1.27112774946727 0 1.8265578171704 1.77577518858016 1.56232204684056 1.42859376664273 1.63498811470345 1.30133268423378 1.76786540518515 1.56716507324018 1.64905964001082 1.85054182913154 1.27769043459557 1.06395482178777 1.10379484109581 0.91608722996898 1.65042037167586 1.46253088512458 1.57986043370329 1.8553328840062
1.8433322396595 1.56542622228153 1.31401286856271 1.81422019260935 1.71075451653451 1.45127044059336 1.858366120141 1.78002583421767 1.80512066371739 0.971533172531053 0.957243889104575 1.8265578171704 0 1.55198512366042 0.942011922132224 1.22412764886394 1.49849295057356 1.33918806537986 1.24007265386172 1.59781217109412 1.57644665893167 1.77611096412875 1.86792622855864 1.74439119594172 1.27476242720149 1.54277300927788 1.44326552888379 1.28448039921932 0.920782237080857 1.78585722530261
1.75305753387511 1.03199501265772 0.988306208280846 1.61758118052967 1.86077256710269 1.12806963105686 1.57709521357901 1.07512737694196 1.56129732378758 0.985864525195211 1.8564521484077 1.77577518858016 1.55198512366042 0 1.42873943247832 1.7965086507611 1.84635453438386 1.75442227488384 1.53483277140185 1.07662842329592 1.41000729240477 0.98882108554244 1.6029541278258 1.48141132341698 1.79217885248363 1.30176404397935 1.69975135661662 1.41621244815178 0.992690002312884 1.43291926709935
1.18726157257333 1.85901456349529 1.09390007285401 1.00801157718524 0.975354036083445 1.45306684449315 1.47992821503431 1.26422873674892 1.78768269834109 1.4593520660419 1.49496892769821 1.56232204684056 0.942011922132224 1.42873943247832 0 1.24045538948849 1.56228137924336 0.952649550978094 1.38914354983717 1.68671713629737 1.81678226217628 1.80620058299974 1.46360995830037 1.41757156606764 1.17085483996198 1.65844398806803 1.81726996321231 1.59421415487304 1.30646256916225 1.5517057753168
1.1998643791303 1.43027544766665 1.16242792713456 1.70868214359507 1.15437235194258 1.14843778871 1.42688010958955 1.16930620023049 1.40558798750862 1.05179895553738 1.76558119896799 1.42859376664273 1.22412764886394 1.7965086507611 1.24045538948849 0 1.36307003884576 1.27882700879127 1.55171966622584 1.64898425689898 0.914158929605037 1.80178130255081 1.40541736898012 1.10148351523094 1.26169237424619 1.61546696652658 1.31007134937681 1.87642215122469 1.80921667604707 1.73666301183403
1.12178359017707 1.66122426418588 1.36643089074641 1.12204624665901 1.25503971474245 1.74526275368407 1.24314107466489 1.2494508845266 1.29319171584211 1.24936278653331 1.3348038776312 1.63498811470345 1.49849295057356 1.84635453438386 1.56228137924336 1.36307003884576 0 1.47799277515151 1.71953589981422 1.2509110418614 1.38618033146486 1.44590960699134 1.73607489606366 1.72979780915193 1.50491055939347 0.97638987377286 1.57372396904975 0.909770351834595 1.29211621661671 1.09727716632187
1.02131216414273 1.74643468577415 1.55178197962232 1.17198609001935 1.16877667186782 1.41274755704217 1.32096776668914 1.11888263234869 1.40882089920342 0.993365285685286 1.08455069945194 1.30133268423378 1.33918806537986 1.75442227488384 0.952649550978094 1.27882700879127 1.47799277515151 0 1.6067126118578 1.69547059759498 1.29754225653596 1.59678909322247 1.07830447028391 1.16842706641182 1.46163262031041 1.0410926642362 0.942315004533157 1.29512730357237 1.73687273310497 1.04710197704844
1.40651863464154 1.24959862581454 1.83809147635475 1.06244715885259 1.31290909857489 0.926428636768833 1.57161175855435 0.944133673096076 1.63731430657208 1.62334311753511 1.3290078190621 1.76786540518515 1.24007265386172 1.53483277140185 1.38914354983717 1.55171966622584 1.71953589981422 1.6067126118578 0 1.34480315377004 0.928637061733752 1.51131163001992 1.50045544211753 1.07482144283131 1.3344113221392 0.942181314108893 1.749605929479 1.09499942371622 1.3916387159843 1.00461984658614
1.23093217308633 1.57740980689414 1.24505414208397 1.49545057211071 1.89761131862178 1.63400199217722 1.52530009252951 0.976569258142263 1.14072866132483 1.18303157086484 1.12629648973234 1.56716507324018 1.59781217109412 1.07662842329592 1.68671713629737 1.64898425689898 1.2509110418614 1.69547059759498 1.34480315377004 0 1.77881913864985 1.0817775207106 1.75397596228868 1.12654392491095 1.22787120752037 1.51825757394545 1.64074591966346 1.39698476786725 1.71930052922107 1.50301611446775
1.74011066998355 1.87128840666264 1.73065575095825 1.17597256228328 1.24001559684984 1.79856814257801 1.56622760510072 1.40454716747627 1.67895755707286 1.07843035995029 1.49084274657071 1.64905964001082 1.57644665893167 1.41000729240477 1.81678226217628 0.914158929605037 1.38618033146486 1.29754225653596 0.928637061733752 1.77881913864985 0 1.59897542675026 1.06793058314361 1.54791066655889 0.952883546240628 1.46183524071239 0.984463436994702 1.58588213473558 1.20001738891006 1.60255579999648
1.77502601360902 1.05596586479805 1.34944866551086 1.1743126087822 1.77215445344336 1.31859264080413 1.09861986734904 1.49770849500783 1.32977643958293 1.02295054332353 1.82284939521924 1.85054182913154 1.77611096412875 0.98882108554244 1.80620058299974 1.80178130255081 1.44590960699134 1.59678909322247 1.51131163001992 1.0817775207106 1.59897542675026 0 0.923915200168267 1.10537140001543 1.4593596663326 1.67894544405863 1.54107186384499 1.72533550974913 1.57330359867774 1.53071960783564
1.70172255230136 1.88699025055394 1.5595601524692 1.27236058283597 1.53169529279694 1.19293910707347 0.917634282261133 1.34134122729301 1.25388716603629 1.88168178033084 1.65687307342887 1.27769043459557 1.86792622855864 1.6029541278258 1.46360995830037 1.40541736898012 1.73607489606366 1.07830447028391 1.50045544211753 1.75397596228868 1.06793058314361 0.923915200168267 0 1.88163703284226 1.76702537364326 1.0614573971834 1.82792517496273 1.51878096838482 1.62579743936658 1.35694330884144
1.33542717900127 1.05118677904829 1.74181652464904 1.17633721767925 1.85328632127494 1.86746520455927 1.63679568027146 1.02192182373255 1.39458641549572 1.88106260518543 1.27522209146991 1.06395482178777 1.74439119594172 1.48141132341698 1.41757156606764 1.10148351523094 1.72979780915193 1.16842706641182 1.07482144283131 1.12654392491095 1.54791066655889 1.10537140001543 1.88163703284226 0 1.80433650570922 1.61018824158236 1.01848163641989 1.49729501153342 1.19656929885969 0.995505189988762
1.58417160389945 1.23591370461509 1.18764083529823 1.3218204267323 1.05424559116364 1.17432981962338 0.979538010666147 1.7135322582908 0.983746149810031 1.42833532649092 1.40798363601789 1.10379484109581 1.27476242720149 1.79217885248363 1.17085483996198 1.26169237424619 1.50491055939347 1.46163262031041 1.3344113221392 1.22787120752037 0.952883546240628 1.4593596663326 1.76702537364326 1.80433650570922 0 1.68075686017983 1.75336671876721 1.24835668550804 0.908929792232811 1.84196374122985
1.06931915134192 1.18723656330258 1.2517723958008 1.2812380080577 1.12835016963072 1.10811349772848 1.12071591150016 1.00827673985623 1.27848471351899 1.61571660265326 1.47141402424313 0.91608722996898 1.54277300927788 1.30176404397935 1.65844398806803 1.61546696652658 0.97638987377286 1.0410926642362 0.942181314108893 1.51825757394545 1.46183524071239 1.67894544405863 1.0614573971834 1.61018824158236 1.68075686017983 0 1.30578739219345 1.26711503043771 1.82852691109292 1.04090139339678
1.22201793640852 1.54148657200858 1.77462413394824 1.79989761253819 1.84477006527595 1.51610437477939 1.29118826938793 1.22065373184159 1.32966982084326 1.3754640230909 1.60103460820392 1.65042037167586 1.44326552888379 1.69975135661662 1.81726996321231 1.31007134937681 1.57372396904975 0.942315004533157 1.749605929479 1.64074591966346 0.984463436994702 1.54107186384499 1.82792517496273 1.01848163641989 1.75336671876721 1.30578739219345 0 1.45858064363711 1.0053197813686 1.40756615088321
1.56801620079204 1.07417007954791 1.73830540641211 0.937622878933325 1.83900508005172 1.49602544680238 1.75917240395211 1.32192447222769 0.942891349550337 1.4555702933576 1.47197197563946 1.46253088512458 1.28448039921932 1.41621244815178 1.59421415487304 1.87642215122469 0.909770351834595 1.29512730357237 1.09499942371622 1.39698476786725 1.58588213473558 1.72533550974913 1.51878096838482 1.49729501153342 1.24835668550804 1.26711503043771 1.45858064363711 0 1.23422502935864 1.59657132648863
1.78663330711424 0.95352734089829 1.44549290603027 1.31690192315727 1.44605983514339 1.78423969005235 1.0544201717712 0.988567696651444 1.81670639151707 1.89056948735379 1.10002683079801 1.57986043370329 0.920782237080857 0.992690002312884 1.30646256916225 1.80921667604707 1.29211621661671 1.73687273310497 1.3916387159843 1.71930052922107 1.20001738891006 1.57330359867774 1.62579743936658 1.19656929885969 0.908929792232811 1.82852691109292 1.0053197813686 1.23422502935864 0 1.59702174388804
1.09014320326969 1.26773539604619 1.5433625751175 0.901905747363344 1.15841831592843 1.29122258001007 1.5770629956387 1.75918036466464 1.76937854802236 1.11343860183842 0.99360214616172 1.8553328840062 1.78585722530261 1.43291926709935 1.5517057753168 1.73666301183403 1.09727716632187 1.04710197704844 1.00461984658614 1.50301611446775 1.60255579999648 1.53071960783564 1.35694330884144 0.995505189988762 1.84196374122985 1.04090139339678 1.40756615088321 1.59657132648863 1.59702174388804 0
