0 1.29989081341773 1.33003580430523 1.7025366469752 1.38438556343317 1.41443238849752 1.85696340585127 0.985462592216209 1.04147260286845 1.88689818023704 1.75884612975642 1.91088060219772 1.51047730306163 1.5874576929491 1.70964258746244 1.02526955748908 1.58531661541201 1.72415101272054 1.20850973646156 1.5442616303917 1.9365081298165 1.57770994445309 1.86407169257291 1.88002787483856 1.57654321985319 1.35894108796492 1.1238280676771 1.86666808021255 1.83338361070491 1.86867047450505
1.29989081341773 0 1.41672002105042 1.19453816837631 1.9380457487423 1.42585131130181 1.54705253709108 1.2198898573406 1.6411755674053 1.11400650930591 1.75911032990552 1.29811326577328 1.91058476595208 1.79719797940925 1.66140346811153 1.70032511232421 1.39057971443981 1.86284181568772 1.77432022173889 1.56782616488636 0.967073891544715 1.58656997489743 1.3351356277708 1.18242038832977 1.32225754042156 1.72310161474161 1.55493528442457 0.986073482083157 1.81936761620454 1.7472066518385
1.33003580430523 1.41672002105042 0 1.47309795417823 1.04397644358687 1.1365204253234 1.77577897277661 1.502088468289 1.14665527711622 1.65505494223908 1.38045499729924 1.14318660530262 1.41738736443222 1.82886343426071 1.09040823113173 1.82835428183898 1.83941531181335 1.02944662352093 0.947764461161569 1.64879980357364 1.09256618027575 1.15577952074818 1.62382519571111 1.48451182502322 1.23158407397568 1.37393322377466 1.86486902693287 1.17772110598162 1.32676765578799 1.27795215556398
1.7025366469752 1.19453816837631 1.47309795417823 0 1.50658900314011 1.80096193845384 1.77824754291214 1.07318539172411 1.04830806702375 1.82984010712244 1.27349937311374 1.06155627709813 1.09615165088326 1.00738270510919 1.04445475363173 1.062836793717 1.50666562537663 1.69330057967454 1.43044712091796 1.38248355640098 1.7185011212714 1.23472551442683 1.87399427429773 1.74461592664011 1.68615151615813 1.6665838835761 1.10765900136903 1.6875071299728 1.4891720355954 1.1192992310971
1.38438556343317 1.9380457487423 1.04397644358687 1.50658900314011 0 1.91958671505563 1.17512424685992 1.40017883270048 1.00883116154 1.7980082416907 1.41670131729916 1.49116405122913 1.33033723500557 1.63948986143805 1.76570489094593 1.92398168100044 1.79278360470198 1.83779433183372 1.82590274745598 1.10262735490687 1.82953092106618 1.02268922748044 0.985047327820212 1.71238023764454 1.63143265550025 1.33087984332815 0.961180111393332 1.49317372776568 1.75364239164628 1.43656891491264
1.41443238849752 1.42585131130181 1.1365204253234 1.80096193845384 1.91958671505563 0 1.47851237817667 1.49802850070409 1.3952835178934 1.02887389925309 1.46440731082112 1.78468733327463 1.74274649238214 1.8596672678832 1.4318297826685 1.58406831230968 1.38980840449221 1.10699527035467 1.33594400947914 1.24425178952515 1.65813498082571 1.1844715916086 1.27220800914802 1.45304698264226 1.93056246382184 1.31570849940181 1.38255486846901 1.93264405615628 1.14968943689018 1.90351698314771
1.85696340585127 1.54705253709108 1.77577897277661 1.77824754291214 1.17512424685992 1.47851237817667 0 1.68925256771035 1.32633037655614 1.05333801638335 1.03684040508233 1.54271430731751 1.0334323940333 1.77685464289971 1.40546870464459 1.48055046680383 1.35991545626894 1.08280323189683 1.27452286495827 1.64643515180796 1.05002987221815 1.1887932785321 1.24945953511633 1.73949990444817 1.46339177014306 1.02555045788176 1.47313124756329 1.58927861019038 1.7585653825663 1.82726736157201
0.985462592216209 1.2198898573406 1.502088468289 1.07318539172411 1.40017883270048 1.49802850070409 1.68925256771035 0 1.5842214289587 1.71925901179202 1.03881537844427 1.62245007744059 1.56209830753505 1.062056992203 1.5571698830463 1.12453280738555 1.34426586586051 1.51926793321036 1.80301295313984 1.87715786509216 1.63885492016561 1.35359079623595 1.70183317642659 1.27322486112826 1.29115350195207 1.87591638369486 1.58082747203298 1.54913902375847 1.71591638750397 1.77332149189897
1.04147260286845 1.6411755674053 1.14665527711622 1.04830806702375 1.00883116154 1.3952835178934 1.32633037655614 1.5842214289587 0 1.20751224760897 1.78956762910821 1.35676063038409 1.58021205780096 1.38817426143214 1.41296109557152 1.36697512306273 0.996042270679027 1.3135982863605 1.8420986442361 1.23833487951197 1.34893166855909 1.00399254262447 0.986521448940039 1.8760660784319 1.26737491670065 1.59365043370053 1.5047782859765 1.11920329881832 1.34756255848333 1.24920230242424
1.88689818023704 1.11400650930591 1.65505494223908 1.82984010712244 1.7980082416907 1.02887389925309 1.05333801638335 1.71925901179202 1.20751224760897 0 1.77416399144568 1.45804043742828 1.38772699423134 1.34452827321365 1.12172202137299 1.49748056079261 1.06059273448773 1.41881076572463 0.985013026744127 1.07996404869482 1.17247644462623 1.13741736370139 1.52589230868034 0.98417571047321 1.33027579705231 1.78662682045251 1.22818447742611 1.3967764552217 0.975117934169248 1.29814890469424
1.75884612975642 1.75911032990552 1.38045499729924 1.27349937311374 1.41670131729916 1.46440731082112 1.03684040508233 1.03881537844427 1.78956762910821 1.77416399144568 0 1.88320762850344 1.24267389229499 0.991613617166877 1.64870749576949 1.46595967398025 1.57357155764475 1.75790023664013 1.00983538781293 1.44429161958396 1.27574940770864 0.979124650359154 1.30463244207203 1.59631924587302 0.980076450388879 1.49175882991403 1.29726720275357 1.05021748761646 1.50973194558173 1.84549242421053
1.91088060219772 1.29811326577328 1.14318660530262 1.06155627709813 1.49116405122913 1.78468733327463 1.54271430731751 1.62245007744059 1.35676063038409 1.45804043742828 1.88320762850344 0 1.75440026191063 1.55490436009131 1.43237564247102 1.26896642404608 1.58112329361029 1.88142844568938 1.93600148591213 1.52164873876609 1.61982712172903 1.38793035782874 1.60588444420137 1.84639453468844 1.32905464060605 1.90360657777637 1.38930524257012 1.027452287497 1.24873374518938 1.90474571078084
1.51047730306163 1.91058476595208 1.41738736443222 1.09615165088326 1.33033723500557 1.74274649238214 1.0334323940333 1.56209830753505 1.58021205780096 1.38772699423134 1.24267389229499 1.75440026191063 0 1.29497375665233 0.953206886770204 1.77295035123825 1.23515216889791 1.81433309731074 1.1724695423618 1.79012453905307 1.00137555529363 1.84331608074717 1.0677649169229 1.0078243506141 0.977251299656928 1.72833598870784 1.2659576581791 1.8595984429121 0.968624103814363 1.81833249889314
1.5874576929491 1.79719797940925 1.82886343426071 1.00738270510919 1.63948986143805 1.8596672678832 1.77685464289971 1.062056992203 1.38817426143214 1.34452827321365 0.991613617166877 1.55490436009131 1.29497375665233 0 1.77774499519728 1.32892544101924 1.35312092863023 1.15882945829071 1.74708613287657 1.78422725154087 1.27247834112495 1.0735540536698 1.22071418282576 0.958880390739068 1.05446771788411 1.517691019224 0.984149247175083 1.90329394186847 1.57169060828164 1.6022372667212
1.70964258746244 1.66140346811153 1.09040823113173 1.04445475363173 1.76570489094593 1.4318297826685 1.40546870464459 1.5571698830463 1.41296109557152 1.12172202137299 1.64870749576949 1.43237564247102 0.953206886770204 1.77774499519728 0 1.08314819610678 0.983811221783981 1.03754604025744 1.14922012528405 1.87034502904862 1.06903617852367 1.02802859642543 1.39952478581108 1.10460864449851 1.71055327146314 1.33253065217286 1.53980578598566 1.07530167512596 1.27659657387994 1.1255666622892
1.02526955748908 1.70032511232421 1.82835428183898 1.062836793717 1.92398168100044 1.58406831230968 1.48055046680383 1.12453280738555 1.36697512306273 1.49748056079261 1.46595967398025 1.26896642404608 1.77295035123825 1.32892544101924 1.08314819610678 0 1.58552362816408 1.23665617406368 1.41290867840871 1.44408957776614 1.92132490407676 1.45004526455887 1.45283870608546 1.28641611966304 1.52692897198722 1.2205106173642 1.859504789114 1.69727144227363 0.978953714482486 1.92884143977426
1.58531661541201 1.39057971443981 1.83941531181335 1.50666562537663 1.79278360470198 1.38980840449221 1.35991545626894 1.34426586586051 0.996042270679027 1.06059273448773 1.57357155764475 1.58112329361029 1.23515216889791 1.35312092863023 0.983811221783981 1.58552362816408 0 1.27472872682847 1.6070999042131 1.19984900741838 1.72641763789579 1.09215834364295 1.82825350179337 1.42256231070496 1.04346501105465 1.37448598956689 1.21802566945553 1.60471176332794 1.93522380501963 1.9064661427401
1.72415101272054 1.86284181568772 1.02944662352093 1.69330057967454 1.83779433183372 1.10699527035467 1.08280323189683 1.51926793321036 1.3135982863605 1.41881076572463 1.75790023664013 1.88142844568938 1.81433309731074 1.15882945829071 1.03754604025744 1.23665617406368 1.27472872682847 0 1.37416914105415 1.47366691241041 1.39051137748174 1.47147559677251 1.50264998711646 1.47770919743925 1.91567630320787 1.26342173037119 1.19787506875582 1.43555977242067 1.56739122397266 1.06154317688197
1.20850973646156 1.77432022173889 0.947764461161569 1.43044712091796 1.82590274745598 1.33594400947914 1.27452286495827 1.80301295313984 1.8420986442361 0.985013026744127 1.00983538781293 1.93600148591213 1.1724695423618 1.74708613287657 1.14922012528405 1.41290867840871 1.6070999042131 1.37416914105415 0 0.955736442934722 1.00270612654276 1.07472250936553 1.19163397373632 1.64623400964774 1.4278986309655 1.66294108983129 1.11950365663506 1.01057892432436 1.93112233653665 1.64628049056046
1.5442616303917 1.56782616488636 1.64879980357364 1.38248355640098 1.10262735490687 1.24425178952515 1.64643515180796 1.87715786509216 1.23833487951197 1.07996404869482 1.44429161958396 1.52164873876609 1.79012453905307 1.78422725154087 1.87034502904862 1.44408957776614 1.19984900741838 1.47366691241041 0.955736442934722 0 1.90709905931726 1.06871855305508 1.63253085524775 1.23687122412957 1.13349843467586 1.1608686207328 1.7190842689015 1.25493369949982 1.83844170859084 1.90159884141758
1.9365081298165 0.967073891544715 1.09256618027575 1.7185011212714 1.82953092106618 1.65813498082571 1.05002987221815 1.63885492016561 1.34893166855909 1.17247644462623 1.27574940770864 1.61982712172903 1.00137555529363 1.27247834112495 1.06903617852367 1.92132490407676 1.72641763789579 1.39051137748174 1.00270612654276 1.90709905931726 0 1.56884131021798 1.67457920312881 1.94466902362183 1.09067484084517 1.17850030818954 1.60953860823065 1.12193201761693 1.44513322156854 1.42054695473053
1.57770994445309 1.58656997489743 1.15577952074818 1.23472551442683 1.02268922748044 1.1844715916086 1.1887932785321 1.35359079623595 1.00399254262447 1.13741736370139 0.979124650359154 1.38793035782874 1.84331608074717 1.0735540536698 1.02802859642543 1.45004526455887 1.09215834364295 1.47147559677251 1.07472250936553 1.06871855305508 1.56884131021798 0 1.4291909977328 1.46304437145591 1.003317697905 1.08048934233375 1.03392824181356 1.38695119530894 0.962664070073515 1.06337475241162
1.86407169257291 1.3351356277708 1.62382519571111 1.87399427429773 0.985047327820212 1.27220800914802 1.24945953511633 1.70183317642659 0.986521448940039 1.52589230868034 1.30463244207203 1.60588444420137 1.0677649169229 1.22071418282576 1.39952478581108 1.45283870608546 1.82825350179337 1.50264998711646 1.19163397373632 1.63253085524775 1.67457920312881 1.4291909977328 0 1.29070327291265 1.60905855079181 1.54239460104145 1.49883387680165 1.85534001956694 1.58269806345925 1.39363803295419
1.88002787483856 1.18242038832977 1.48451182502322 1.74461592664011 1.71238023764454 1.45304698264226 1.73949990444817 1.27322486112826 1.8760660784319 0.98417571047321 1.59631924587302 1.84639453468844 1.0078243506141 0.958880390739068 1.10460864449851 1.28641611966304 1.42256231070496 1.47770919743925 1.64623400964774 1.23687122412957 1.94466902362183 1.46304437145591 1.29070327291265 0 1.48287491407245 1.52366003673524 1.32663361821324 0.952437360072508 1.82799760671332 1.34223388903774
1.57654321985319 1.32225754042156 1.23158407397568 1.68615151615813 1.63143265550025 1.93056246382184 1.46339177014306 1.29115350195207 1.26737491670065 1.33027579705231 0.980076450388879 1.32905464060605 0.977251299656928 1.05446771788411 1.71055327146314 1.52692897198722 1.04346501105465 1.91567630320787 1.4278986309655 1.13349843467586 1.09067484084517 1.003317697905 1.60905855079181 1.48287491407245 0 1.87903889035806 0.98597582266666 1.22850744309835 1.40449912985787 1.52939012972638
1.35894108796492 1.72310161474161 1.37393322377466 1.6665838835761 1.33087984332815 1.31570849940181 1.02555045788176 1.87591638369486 1.59365043370053 1.78662682045251 1.49175882991403 1.90360657777637 1.72833598870784 1.517691019224 1.33253065217286 1.2205106173642 1.37448598956689 1.26342173037119 1.66294108983129 1.1608686207328 1.17850030818954 1.08048934233375 1.54239460104145 1.52366003673524 1.87903889035806 0 1.47041096468456 1.43444815836847 1.20092869317159 1.27309562196024
1.1238280676771 1.55493528442457 1.86486902693287 1.10765900136903 0.961180111393332 1.38255486846901 1.47313124756329 1.58082747203298 1.5047782859765 1.22818447742611 1.29726720275357 1.38930524257012 1.2659576581791 0.984149247175083 1.53980578598566 1.859504789114 1.21802566945553 1.19787506875582 1.11950365663506 1.7190842689015 1.60953860823065 1.03392824181356 1.49883387680165 1.32663361821324 0.98597582266666 1.47041096468456 0 0.997011026134714 1.12702904245816 1.50004359474406
1.86666808021255 0.986073482083157 1.17772110598162 1.6875071299728 1.49317372776568 1.93264405615628 1.58927861019038 1.54913902375847 1.11920329881832 1.3967764552217 1.05021748761646 1.027452287497 1.8595984429121 1.90329394186847 1.07530167512596 1.69727144227363 1.60471176332794 1.43555977242067 1.01057892432436 1.25493369949982 1.12193201761693 1.38695119530894 1.85534001956694 0.952437360072508 1.22850744309835 1.43444815836847 0.997011026134714 0 0.989690708229318 1.07061891886406
1.83338361070491 1.81936761620454 1.32676765578799 1.4891720355954 1.75364239164628 1.14968943689018 1.7585653825663 1.71591638750397 1.34756255848333 0.975117934169248 1.50973194558173 1.24873374518938 0.968624103814363 1.57169060828164 1.27659657387994 0.978953714482486 1.93522380501963 1.56739122397266 1.93112233653665 1.83844170859084 1.44513322156854 0.962664070073515 1.58269806345925 1.82799760671332 1.40449912985787 1.20092869317159 1.12702904245816 0.989690708229318 0 0.949887725291774
1.86867047450505 1.7472066518385 1.27795215556398 1.1192992310971 1.43656891491264 1.90351698314771 1.82726736157201 1.77332149189897 1.24920230242424 1.29814890469424 1.84549242421053 1.90474571078084 1.81833249889314 1.6022372667212 1.1255666622892 1.92884143977426 1.9064661427401 1.06154317688197 1.64628049056046 1.90159884141758 1.42054695473053 1.06337475241162 1.39363803295419 1.34223388903774 1.52939012972638 1.27309562196024 1.50004359474406 1.07061891886406 0.949887725291774 0
