0 1.55372785590589 0.948710206663236 1.20262046135031 1.3458399057854 1.54072430776432 1.83052180917002 1.42460071342066 1.47430628165603 1.61678629019298 1.54981946782209 1.45531134889461 1.65555218863301 1.4188757869415 1.03452303353697 1.51120803807862 1.42018628166988 1.84745994117111 1.26186165539548 1.87219331017695 1.39796197344549 0.916765430942178 0.883826208068058 1.63291047280654 1.28292284952477 1.22589437081479 1.49223000509664 1.5299745418597 1.05810297350399 0.933794591575861
1.55372785590589 0 1.57740746345371 1.29443525685929 1.87090569571592 1.01328703551553 1.8661358258687 1.84624006925151 1.22752413246781 1.18970225239173 1.68166424892843 0.941847461974248 1.58483138121665 1.7000977077987 1.80358203779906 1.15490194386803 1.73802638798952 1.84574852557853 0.923750999150798 1.43466849019751 1.15247794799507 1.14496663189493 1.25239014392719 1.58780358219519 1.35447338479571 1.10474702110514 1.12980451178737 1.0735302856192 0.888383925426751 1.01633771974593
0.948710206663236 1.57740746345371 0 1.62796857091598 1.85655591427349 1.76925537339412 1.72026656963862 1.74343751324341 1.36659530363977 0.968544920440763 1.63303385814652 1.34887134796008 1.61416189232841 0.993530959822237 1.76895703934133 1.04257730976678 1.38532887282781 1.6099668298848 1.64023760589771 1.50769031280652 1.46798429195769 1.47848363150842 1.20678418455645 1.61157751595601 1.14102590759285 1.78845231584273 1.73077062098309 1.672530884156 1.00124409492128 1.75357320159674
1.20262046135031 1.29443525685929 1.62796857091598 0 0.980713571887463 1.01723982323892 1.11863434943371 1.6378225251101 0.907584571745247 1.63776487205178 1.80219005211256 1.46760574658401 0.994150076294318 1.10613883659244 1.0273761737626 0.914196146186441 1.37464220658876 1.49692740105093 1.20262880832888 1.7603259133175 1.36125842062756 1.58169987658039 1.67018927400932 1.79537760955282 1.22645844775252 0.914945049444214 1.64652575436048 1.22480843355879 1.174417239381 0.985976009396836
1.3458399057854 1.87090569571592 1.85655591427349 0.980713571887463 0 1.5481953357812 1.85710559505969 1.10478190262802 1.81662380322814 1.1637998141814 1.61492417939007 1.23817460727878 1.64020608342253 1.31216928898357 1.62866142624989 1.41454745759256 1.86095057241619 1.7744296095334 0.986445326823741 1.15678638685495 1.19652761425823 1.5248956263531 1.20823486964218 1.13585775671527 1.17428197711706 1.29657653416507 1.53435349580832 1.45997799746692 1.4828496039845 1.32868374418467
1.54072430776432 1.01328703551553 1.76925537339412 1.01723982323892 1.5481953357812 0 0.987910072784871 1.11376623832621 1.83599746436812 1.29162700101733 1.04478819551878 1.81559552345425 1.01021533738822 1.6947447732091 1.10287669952959 1.19604226830415 1.35828521102667 0.957767243962735 1.25641965446994 1.6259349361062 1.65236406191252 1.03500578249805 1.80097374436446 1.12208824488334 1.72149324393831 1.2002620997373 1.33260142174549 1.03630002494901 1.45921985269524 1.08446924621239
1.83052180917002 1.8661358258687 1.72026656963862 1.11863434943371 1.85710559505969 0.987910072784871 0 1.47143791452982 0.945959692122415 0.949107959168032 1.62583166430704 1.22985729668289 1.68737452337518 1.31702479231171 0.959732993971556 1.05809386190958 1.27286629844457 1.09798752423376 1.8074226656463 1.31898572086357 1.72919390304014 1.58534756698646 1.63797490857542 1.00020390376449 1.65907432092354 1.78614841541275 1.28678878606297 1.78489790135063 1.83845909545198 1.37826691637747
1.42460071342066 1.84624006925151 1.74343751324341 1.6378225251101 1.10478190262802 1.11376623832621 1.47143791452982 0 1.32320124376565 1.1076365285553 1.49241410964169 1.51673564640805 1.16910025966354 1.41057030530646 1.72215062030591 0.971470236778259 1.19461185275577 1.12184482859448 1.46760569931939 0.942054141545668 1.5556015430484 0.970388426212594 1.13304077461362 1.43541715363972 1.25626462278888 0.898204991593957 1.82983960746787 1.22873349953443 1.48044825019315 1.02931059082039
1.47430628165603 1.22752413246781 1.36659530363977 0.907584571745247 1.81662380322814 1.83599746436812 0.945959692122415 1.32320124376565 0 1.81986471894197 1.37074476364069 1.85025231493637 1.25919757387601 1.72452140762471 1.7378954233136 1.74988099327311 1.55892035900615 1.3987852637656 1.2790417606011 1.50708449911326 1.59842238435522 1.76733202347532 1.56022274913266 1.15520776575431 1.56926585338078 1.72613732237369 1.2313850466162 1.82490058802068 1.80775277200155 1.34729227493517
1.61678629019298 1.18970225239173 0.968544920440763 1.63776487205178 1.1637998141814 1.29162700101733 0.949107959168032 1.1076365285553 1.81986471894197 0 1.87813575705513 1.66607688157819 0.93047596863471 1.07475447212346 1.4512396545615 1.31148856016807 1.84832442295738 1.51493650558405 1.23906613630243 1.5734432360623 1.77149728871882 1.42274736845866 1.62794198514894 1.15400108438917 1.61711702332832 1.44149572961032 1.13822107808664 1.10968521167524 1.69692801916972 1.46625108737499
1.54981946782209 1.68166424892843 1.63303385814652 1.80219005211256 1.61492417939007 1.04478819551878 1.62583166430704 1.49241410964169 1.37074476364069 1.87813575705513 0 1.56518731475808 1.72476350329816 1.48200158285908 1.32845609867945 1.10862269345671 1.64854584564455 1.00931351468898 1.75662617525086 1.49808023567311 1.67516409559175 1.42418439709581 1.03011202299967 1.04805164039135 1.44536866573617 1.45034927153029 1.50798952812329 1.07540515786968 1.62386119971052 0.90375853725709
1.45531134889461 0.941847461974248 1.34887134796008 1.46760574658401 1.23817460727878 1.81559552345425 1.22985729668289 1.51673564640805 1.85025231493637 1.66607688157819 1.56518731475808 0 1.49374262965284 1.19402454677038 1.85947336466052 0.979252681834623 1.06577113247477 1.83529303828254 1.47892024787143 1.83999471063726 1.83181426953524 1.43431618390605 1.00378114194609 1.64829044719227 1.87541135028005 1.31341873272322 1.3030064497143 1.3127837094944 0.962352275149897 1.24778392724693
1.65555218863301 1.58483138121665 1.61416189232841 0.994150076294318 1.64020608342253 1.01021533738822 1.68737452337518 1.16910025966354 1.25919757387601 0.93047596863471 1.72476350329816 1.49374262965284 0 1.16800808114931 1.42238219291903 0.97081500524655 1.3215070408769 1.50321012223139 1.11811132868752 1.06809548777528 1.30052811605856 0.93756718467921 1.75934819760732 1.12786147650331 0.997386679286137 1.37746157706715 1.54570783302188 1.1144287395291 1.30662115151063 1.83413969515823
1.4188757869415 1.7000977077987 0.993530959822237 1.10613883659244 1.31216928898357 1.6947447732091 1.31702479231171 1.41057030530646 1.72452140762471 1.07475447212346 1.48200158285908 1.19402454677038 1.16800808114931 0 1.01210032426752 1.14338651811704 1.49250743770972 0.897480926010758 1.54193828138523 1.09949534153566 1.02730109193362 0.992896816460416 1.62153708818369 1.16856756270863 0.998576818965375 1.48167716921307 1.59877767949365 1.407220819965 0.920689114136621 1.64683922263794
1.03452303353697 1.80358203779906 1.76895703934133 1.0273761737626 1.62866142624989 1.10287669952959 0.959732993971556 1.72215062030591 1.7378954233136 1.4512396545615 1.32845609867945 1.85947336466052 1.42238219291903 1.01210032426752 0 0.950902931857854 0.888879600912333 1.23852965654805 1.7779430099763 1.46041285060346 1.50160218728706 1.77940588328056 1.61101312423125 1.16079166834243 1.80360624007881 1.04595118085854 1.31324964645319 1.54012949718162 0.915198112372309 0.926722230855376
1.51120803807862 1.15490194386803 1.04257730976678 0.914196146186441 1.41454745759256 1.19604226830415 1.05809386190958 0.971470236778259 1.74988099327311 1.31148856016807 1.10862269345671 0.979252681834623 0.97081500524655 1.14338651811704 0.950902931857854 0 1.19729943852872 1.79719441733323 1.11435917462222 1.869894038653 1.82618313794956 1.16312366584316 1.73409037594683 1.33449954097159 1.06902892654762 1.63012860692106 1.20193556766026 1.16232649190351 1.65722473827191 1.38653590297326
1.42018628166988 1.73802638798952 1.38532887282781 1.37464220658876 1.86095057241619 1.35828521102667 1.27286629844457 1.19461185275577 1.55892035900615 1.84832442295738 1.64854584564455 1.06577113247477 1.3215070408769 1.49250743770972 0.888879600912333 1.19729943852872 0 1.26311724237166 1.61772985081188 1.54991342662834 1.33709438238293 1.17999288183637 1.47383818728849 1.56149123399518 1.20814859052189 0.923485734965652 1.50044256215915 0.936573381070048 1.30755793559365 1.40780202881433
1.84745994117111 1.84574852557853 1.6099668298848 1.49692740105093 1.7744296095334 0.957767243962735 1.09798752423376 1.12184482859448 1.3987852637656 1.51493650558405 1.00931351468898 1.83529303828254 1.50321012223139 0.897480926010758 1.23852965654805 1.79719441733323 1.26311724237166 0 1.65483837458305 1.05765802273527 1.43974006525241 1.87820195313543 1.8535681325011 1.39986987016164 1.06572811631486 0.897612218046561 1.45323615754023 1.24303847877309 1.24794606864452 1.47249558498152
1.26186165539548 0.923750999150798 1.64023760589771 1.20262880832888 0.986445326823741 1.25641965446994 1.8074226656463 1.46760569931939 1.2790417606011 1.23906613630243 1.75662617525086 1.47892024787143 1.11811132868752 1.54193828138523 1.7779430099763 1.11435917462222 1.61772985081188 1.65483837458305 0 0.989130277885124 0.925267910584807 1.49862115690485 0.907937686890364 1.61353533528745 1.41651032934897 1.84116324689239 1.87690746365115 1.15344413020648 0.919372903183103 1.5929530467838
1.87219331017695 1.43466849019751 1.50769031280652 1.7603259133175 1.15678638685495 1.6259349361062 1.31898572086357 0.942054141545668 1.50708449911326 1.5734432360623 1.49808023567311 1.83999471063726 1.06809548777528 1.09949534153566 1.46041285060346 1.869894038653 1.54991342662834 1.05765802273527 0.989130277885124 0 1.5706552551128 1.85413580131717 1.49116785475053 1.12143384362571 1.35887171747163 1.2962411865592 1.30987434042618 1.03967295424081 1.23944010073319 1.53351062722504
1.39796197344549 1.15247794799507 1.46798429195769 1.36125842062756 1.19652761425823 1.65236406191252 1.72919390304014 1.5556015430484 1.59842238435522 1.77149728871882 1.67516409559175 1.83181426953524 1.30052811605856 1.02730109193362 1.50160218728706 1.82618313794956 1.33709438238293 1.43974006525241 0.925267910584807 1.5706552551128 0 1.1989958784543 1.04286023508757 1.84129602671601 0.947130701970309 1.05636964109726 1.61823367536999 1.35884544602595 1.2132861004211 1.72254031640477
0.916765430942178 1.14496663189493 1.47848363150842 1.58169987658039 1.5248956263531 1.03500578249805 1.58534756698646 0.970388426212594 1.76733202347532 1.42274736845866 1.42418439709581 1.43431618390605 0.93756718467921 0.992896816460416 1.77940588328056 1.16312366584316 1.17999288183637 1.87820195313543 1.49862115690485 1.85413580131717 1.1989958784543 0 1.52728217048571 1.41585822869092 1.54478157008998 1.0927082633134 1.19643359584734 0.931438332889229 1.01117482734844 1.21022981987335
0.883826208068058 1.25239014392719 1.20678418455645 1.67018927400932 1.20823486964218 1.80097374436446 1.63797490857542 1.13304077461362 1.56022274913266 1.62794198514894 1.03011202299967 1.00378114194609 1.75934819760732 1.62153708818369 1.61101312423125 1.73409037594683 1.47383818728849 1.8535681325011 0.907937686890364 1.49116785475053 1.04286023508757 1.52728217048571 0 1.46296012331732 1.44986543781124 1.82227049116045 1.29463630495593 1.19062132411636 1.4042287832126 1.67577566951513
1.63291047280654 1.58780358219519 1.61157751595601 1.79537760955282 1.13585775671527 1.12208824488334 1.00020390376449 1.43541715363972 1.15520776575431 1.15400108438917 1.04805164039135 1.64829044719227 1.12786147650331 1.16856756270863 1.16079166834243 1.33449954097159 1.56149123399518 1.39986987016164 1.61353533528745 1.12143384362571 1.84129602671601 1.41585822869092 1.46296012331732 0 1.83575914707035 1.13928647106513 0.970081171253696 1.37194548314437 0.988470612559468 1.6874194254633
1.28292284952477 1.35447338479571 1.14102590759285 1.22645844775252 1.17428197711706 1.72149324393831 1.65907432092354 1.25626462278888 1.56926585338078 1.61711702332832 1.44536866573617 1.87541135028005 0.997386679286137 0.998576818965375 1.80360624007881 1.06902892654762 1.20814859052189 1.06572811631486 1.41651032934897 1.35887171747163 0.947130701970309 1.54478157008998 1.44986543781124 1.83575914707035 0 1.25593475322239 0.894225777825341 0.917066934751347 1.63805309077725 1.02455826802179
1.22589437081479 1.10474702110514 1.78845231584273 0.914945049444214 1.29657653416507 1.2002620997373 1.78614841541275 0.898204991593957 1.72613732237369 1.44149572961032 1.45034927153029 1.31341873272322 1.37746157706715 1.48167716921307 1.04595118085854 1.63012860692106 0.923485734965652 0.897612218046561 1.84116324689239 1.2962411865592 1.05636964109726 1.0927082633134 1.82227049116045 1.13928647106513 1.25593475322239 0 1.40542208077386 1.12824521446601 1.05368329305202 1.19547412684187
1.49223000509664 1.12980451178737 1.73077062098309 1.64652575436048 1.53435349580832 1.33260142174549 1.28678878606297 1.82983960746787 1.2313850466162 1.13822107808664 1.50798952812329 1.3030064497143 1.54570783302188 1.59877767949365 1.31324964645319 1.20193556766026 1.50044256215915 1.45323615754023 1.87690746365115 1.30987434042618 1.61823367536999 1.19643359584734 1.29463630495593 0.970081171253696 0.894225777825341 1.40542208077386 0 1.17220803536475 1.67089457553811 1.72217519721016
1.5299745418597 1.0735302856192 1.672530884156 1.22480843355879 1.45997799746692 1.03630002494901 1.78489790135063 1.22873349953443 1.82490058802068 1.10968521167524 1.07540515786968 1.3127837094944 1.1144287395291 1.407220819965 1.54012949718162 1.16232649190351 0.936573381070048 1.24303847877309 1.15344413020648 1.03967295424081 1.35884544602595 0.931438332889229 1.19062132411636 1.37194548314437 0.917066934751347 1.12824521446601 1.17220803536475 0 1.4777782894671 1.47843694710173
1.05810297350399 0.888383925426751 1.00124409492128 1.174417239381 1.4828496039845 1.45921985269524 1.83845909545198 1.48044825019315 1.80775277200155 1.69692801916972 1.62386119971052 0.962352275149897 1.30662115151063 0.920689114136621 0.915198112372309 1.65722473827191 1.30755793559365 1.24794606864452 0.919372903183103 1.23944010073319 1.2132861004211 1.01117482734844 1.4042287832126 0.988470612559468 1.63805309077725 1.05368329305202 1.67089457553811 1.4777782894671 0 1.55342267383821
0.933794591575861 1.01633771974593 1.75357320159674 0.985976009396836 1.32868374418467 1.08446924621239 1.37826691637747 1.02931059082039 1.34729227493517 1.46625108737499 0.90375853725709 1.24778392724693 1.83413969515823 1.64683922263794 0.926722230855376 1.38653590297326 1.40780202881433 1.47249558498152 1.5929530467838 1.53351062722504 1.72254031640477 1.21022981987335 1.67577566951513 1.6874194254633 1.02455826802179 1.19547412684187 1.72217519721016 1.47843694710173 1.55342267383821 0
